0.719304 0.0585125 0.926886 0.921044 0.152041 0.187073 0.0972177 0.543038 0.755414 0.401782 
0.939607 0.1067 0.510383 0.502004 0.861661 0.433611 0.86221 0.855446 0.388309 0.696518 
0.646099 0.793076 0.355106 0.0285381 0.165301 0.668817 0.756481 0.0241887 0.00399303 0.0356122 
0.0125929 0.0713973 0.464206 0.211495 0.92128 0.388632 0.0642911 0.0960401 0.106106 0.617982 
0.914309 0.263125 0.0497588 0.321141 0.235233 0.240945 0.0452492 0.498846 0.827246 0.19723 
0.10636 0.580469 0.825276 0.204896 0.311593 0.0192898 0.534737 0.00911872 0.472149 0.525178 
0.872051 0.272424 0.0210728 0.479216 0.595639 0.752291 0.395862 0.794551 0.873589 0.411691 
0.712567 0.726692 0.747123 0.802237 0.614425 0.280389 0.351184 0.651465 0.988369 0.969645 
0.392104 0.00466681 0.905106 0.755663 0.857437 0.0839598 0.54523 0.384063 0.755441 0.328681 
0.427573 0.14392 0.401694 0.780758 0.021509 0.397323 0.539001 0.588968 0.948101 0.232582 
0.132665 0.539931 0.116695 0.285634 0.128175 0.516933 0.00934536 0.5691 0.467713 0.0282208 
0.789124 0.43031 0.917249 0.547347 0.685338 0.183575 0.726084 0.748194 0.611999 0.655942 
0.696993 0.545859 0.978136 0.516825 0.150484 0.90073 0.37556 0.236018 0.477645 0.303238 
0.933511 0.873851 0.155264 0.329451 0.278146 0.970622 0.203944 0.66743 0.799812 0.561837 
0.897486 0.393327 0.969904 0.946587 0.556522 0.159541 0.504452 0.493247 0.879975 0.0546173 
0.721179 0.716532 0.661342 0.168551 0.615576 0.957535 0.504448 0.647473 0.318122 0.806107 
0.32068 0.332326 0.560676 0.303894 0.571829 0.819188 0.368776 0.756289 0.936471 0.735419 
0.0673704 0.0322032 0.797845 0.716602 0.29286 0.788595 0.617871 0.462726 0.0964698 0.60003 
0.423809 0.0736921 0.202479 0.788857 0.404704 0.482795 0.83183 0.161989 0.125529 0.181293 
0.206834 0.0388878 0.92636 0.130641 0.9255 0.865941 0.972523 0.296465 0.541223 0.68195 
0.723347 0.310359 0.531691 0.506731 0.652853 0.645953 0.20934 0.836195 0.282955 0.471977 
0.941601 0.977819 0.751265 0.181442 0.345288 0.581833 0.357415 0.17043 0.630169 0.164794 
0.898865 0.482645 0.688299 0.966938 0.73899 0.237032 0.0615865 0.144762 0.55851 0.237522 
0.0225737 0.518701 0.951412 0.925831 0.0533635 0.234478 0.297771 0.425096 0.62797 0.236276 
0.469385 0.239821 0.577422 0.71515 0.420915 0.356738 0.375691 0.789403 0.760545 0.169898 
0.156666 0.253416 0.184439 0.0120541 0.978841 0.867894 0.0598379 0.230572 0.113828 0.15684 
0.381769 0.410464 0.315262 0.877345 0.813294 0.0871003 0.698066 0.917762 0.618541 0.871404 
0.0386553 0.77878 0.499697 0.909611 0.315806 0.230061 0.0112308 0.215646 0.393574 0.0964332 
0.327861 0.679428 0.685448 0.220707 0.633985 0.0823971 0.197754 0.826541 0.0929663 0.637245 
0.971039 0.0213713 0.819699 0.257337 0.740636 0.773435 0.344527 0.424338 0.0153926 0.149898 
0.528408 0.123121 0.359226 0.0668685 0.128091 0.793835 0.570165 0.784072 0.611741 0.618226 
0.589716 0.495018 0.930136 0.388731 0.592926 0.807352 0.282443 0.989907 0.674686 0.679488 
0.782341 0.816454 0.928879 0.602078 0.241755 0.220707 0.951373 0.0851858 0.58279 0.382188 
0.0417113 0.55969 0.713952 0.791413 0.51253 0.814316 0.184875 0.00505278 0.851138 0.359136 
0.779595 0.0786728 0.819548 0.339174 0.150996 0.38665 0.311157 0.212849 0.251443 0.660446 
0.79107 0.55694 0.0735911 0.210441 0.269821 0.203628 0.657326 0.651037 0.934964 0.938944 
0.878952 0.480118 0.0977421 0.921729 0.702071 0.43931 0.0546196 0.0853667 0.604638 0.221765 
0.0844005 0.471251 0.178258 0.763911 0.34084 0.303106 0.53136 0.992548 0.674552 0.12156 
0.917624 0.195488 0.0554964 0.322253 0.15237 0.322388 0.552206 0.477376 0.896939 0.489583 
0.0667619 0.529685 0.860246 0.281709 0.569644 0.467927 0.151567 0.449577 0.439453 0.795646 
0.35707 0.537232 0.799135 0.111047 0.194132 0.74467 0.992252 0.891199 0.541757 0.69869 
0.526736 0.611222 0.327289 0.152796 0.231389 0.319945 0.954242 0.0501816 0.784837 0.195307 
0.0124263 0.169342 0.224103 0.0318472 0.71756 0.553516 0.726268 0.171653 0.471389 0.539181 
0.616167 0.0974151 0.668953 0.895167 0.351347 0.447674 0.320683 0.690738 0.945786 0.0896741 
0.374994 0.965437 0.708363 0.22743 0.0268752 0.0105847 0.0314149 0.995267 0.896047 0.869086 
0.777776 0.992323 0.627647 0.81673 0.693767 0.643346 0.289602 0.0512128 0.764477 0.89869 
0.616339 0.1337 0.247121 0.0863457 0.89797 0.873545 0.559012 0.187163 0.106256 0.596397 
0.716362 0.447528 0.691265 0.535662 0.477067 0.893112 0.217393 0.0900372 0.0286027 0.00141206 
0.186397 0.67896 0.40752 0.872748 0.823845 0.479968 0.995585 0.627759 0.752367 0.9458 
0.828714 0.750106 0.0711106 0.395183 0.0639612 0.82812 0.117663 0.397257 0.0348777 0.42767 
0.932746 0.969424 0.201075 0.503578 0.133554 0.503954 0.334903 0.945324 0.560069 0.484801 
0.0272869 0.873322 0.313294 0.349625 0.322363 0.473304 0.117524 0.371894 0.530956 0.61211 
0.855344 0.647768 0.869914 0.424122 0.0552755 0.368306 0.452937 0.713301 0.0517578 0.319249 
0.22749 0.138091 0.868129 0.89799 0.433362 0.0510779 0.489195 0.971463 0.453212 0.746544 
0.276368 0.807559 0.161448 0.511827 0.672577 0.511643 0.655118 0.738681 0.741031 0.203745 
0.939762 0.766761 0.472529 0.322708 0.27465 0.0931943 0.191287 0.919903 0.557172 0.443238 
0.788878 0.423214 0.269414 0.100764 0.90462 0.861234 0.343781 0.285144 0.545386 0.748652 
0.118076 0.734076 0.658326 0.42608 0.118878 0.665429 0.663544 0.577605 0.754121 0.556779 
0.845351 0.778079 0.436323 0.283914 0.349674 0.674258 0.28214 0.350983 0.35859 0.857092 
0.813435 0.680891 0.0685412 0.776023 0.72113 0.637032 0.927062 0.458291 0.243452 0.62869 
0.766952 0.635071 0.76301 0.572487 0.493143 0.83813 0.117279 0.780886 0.0539894 0.58135 
0.0432998 0.407576 0.952532 0.288124 0.169663 0.0643977 0.849102 0.989346 0.602226 0.47934 
0.974714 0.114945 0.62363 0.893339 0.81116 0.91095 0.0734045 0.551161 0.683999 0.310357 
0.996667 0.635695 0.118528 0.428658 0.577703 0.0123387 0.759126 0.354559 0.308345 0.255089 
0.124255 0.911665 0.7078 0.298937 0.0579299 0.114821 0.35504 0.481023 0.379664 0.797296 
0.590291 0.00185895 0.449393 0.0292214 0.328783 0.161982 0.211576 0.571624 0.318816 0.812236 
0.392186 0.897084 0.783374 0.507372 0.466107 0.860042 0.652779 0.987933 0.037237 0.934171 
0.416051 0.332634 0.359738 0.617274 0.50767 0.495102 0.984615 0.799949 0.86689 0.347093 
0.709313 0.340881 0.832986 0.520961 0.158454 0.39297 0.417473 0.50631 0.261051 0.296769 
0.981461 0.932561 0.654367 0.339661 0.146192 0.450548 0.929216 0.840411 0.68328 0.878293 
0.219562 0.284084 0.435287 0.986947 0.730739 0.25704 0.628275 0.509804 0.775129 0.017702 
0.351002 0.155486 0.508309 0.0473994 0.738655 0.309468 0.573113 0.481226 0.847849 0.211192 
0.101033 0.442482 0.693875 0.897317 0.625793 0.599792 0.00440252 0.740707 0.366931 0.905031 
0.217943 0.535465 0.413497 0.808178 0.240732 0.573773 0.187372 0.809455 0.490766 0.185988 
0.795294 0.887915 0.877116 0.590309 0.136309 0.39676 0.40868 0.0318906 0.31138 0.236961 
0.26599 0.914415 0.443683 0.722141 0.937986 0.00910419 0.589307 0.771207 0.570518 0.68522 
0.140953 0.831111 0.239194 0.251915 0.885629 0.357511 0.813857 0.58068 0.481159 0.636423 
0.770482 0.250731 0.389086 0.0624618 0.877255 0.000846016 0.822572 0.877435 0.0878159 0.389886 
0.575316 0.434005 0.230176 0.183337 0.124828 0.0307537 0.721774 0.922674 0.364014 0.191839 
0.605619 0.83595 0.373131 0.120152 0.964074 0.764348 0.678484 0.902545 0.263662 0.446623 
0.23057 0.168111 0.243454 0.677284 0.408391 0.282316 0.896346 0.957143 0.667956 0.532057 
0.71445 0.37141 0.594401 0.670123 0.862683 0.930967 0.91968 0.477932 0.460731 0.692212 
0.658472 0.720114 0.11034 0.790561 0.10942 0.844971 0.444307 0.411443 0.546792 0.307045 
0.77413 0.557426 0.32837 0.290524 0.698993 0.322289 0.442969 0.846507 0.160445 0.2597 
0.760453 0.177551 0.472442 0.468668 0.256093 0.752986 0.483075 0.425144 0.659046 0.333909 
0.337118 0.157382 0.420523 0.540837 0.0742226 0.900852 0.464124 0.89478 0.851519 0.961922 
0.00871438 0.254872 0.0547105 0.32489 0.0256007 0.580913 0.0116582 0.522126 0.956504 0.348012 
0.870652 0.451693 0.428523 0.219722 0.0224174 0.755121 0.708717 0.466551 0.157399 0.10592 
0.0481223 0.552505 0.716304 0.310122 0.0114488 0.0524859 0.293346 0.940115 0.686971 0.299726 
0.414143 0.0169105 0.578605 0.272265 0.0952656 0.273065 0.0893727 0.839649 0.439779 0.955774 
0.423639 0.584704 0.700404 0.696614 0.343438 0.042426 0.927363 0.574404 0.797636 0.787961 
0.524737 0.527912 0.787572 0.761215 0.12171 0.475179 0.785627 0.0180798 0.25736 0.374971 
0.0909484 0.268688 0.148669 0.639459 0.0308036 0.0695805 0.481606 0.600211 0.57186 0.469943 
0.576423 0.565112 0.868026 0.749235 0.557325 0.0110308 0.288658 0.68148 0.00834397 0.688649 
0.91977 0.4018 0.54604 0.796533 0.27453 0.907174 0.577556 0.559781 0.490287 0.753335 
0.140442 0.639436 0.238752 0.576321 0.358358 0.725836 0.874677 0.469651 0.376057 0.0504465 
0.50776 0.293583 0.742612 0.825844 0.860302 0.0519856 0.801053 0.533765 0.615767 0.415845 
0.284433 0.252068 0.546735 0.765685 0.925463 0.597035 0.495035 0.629282 0.540771 0.0718937 
0.683288 0.599411 0.248361 0.919317 0.585801 0.535116 0.857796 0.774986 0.24625 0.727306 
0.984457 0.781187 0.605793 0.332307 0.397708 0.106361 0.732893 0.496726 0.253078 0.577409 
0.70597 0.425257 0.243374 0.523155 0.358819 0.729231 0.306988 0.146946 0.54239 0.905674 
0.857782 0.562834 0.430442 0.140515 0.254411 0.393251 0.241712 0.438776 0.330408 0.18756 
0.433061 0.887035 0.315514 0.730726 0.0836034 0.0431027 0.0696852 0.738541 0.918802 0.600666 
0.501981 0.124743 0.811453 0.521876 0.977955 0.0579619 0.529092 0.476094 0.0718623 0.769249 
0.0553926 0.819475 0.477745 0.414995 0.809684 0.923748 0.281879 0.128709 0.230935 0.343922 
0.110596 0.866543 0.220059 0.615354 0.723129 0.692304 0.536236 0.917345 0.127308 0.418538 
0.368687 0.59038 0.0656316 0.432442 0.589757 0.318816 0.533022 0.324286 0.410901 0.311498 
0.486233 0.054891 0.811862 0.381138 0.0837952 0.344857 0.611476 0.448074 0.180957 0.552395 
0.160536 0.745371 0.379611 0.993708 0.983277 0.00862466 0.74211 0.0610289 0.12823 0.142473 
0.991307 0.454627 0.771929 0.545701 0.209803 0.282046 0.886794 0.438602 0.49519 0.275863 
0.907111 0.353139 0.483839 0.0170852 0.832013 0.487569 0.050606 0.944081 0.423925 0.243014 
0.683517 0.902019 0.269184 0.462036 0.667332 0.659455 0.496657 0.162773 0.0310151 0.827097 
0.651908 0.53772 0.325606 0.415568 0.83009 0.323947 0.553159 0.18567 0.488072 0.453855 
0.672201 0.179037 0.983123 0.677837 0.845969 0.034985 0.484674 0.488454 0.498582 0.953844 
0.715255 0.597677 0.955509 0.712955 0.702119 0.820455 0.473358 0.61695 0.261409 0.788303 
0.691089 0.12702 0.632773 0.945537 0.299289 0.421175 0.449884 0.487209 0.504496 0.517922 
0.723475 0.621503 0.547746 0.118678 0.631095 0.97772 0.44548 0.895937 0.340154 0.868568 
0.913495 0.577564 0.224202 0.407155 0.637024 0.855446 0.447182 0.422535 0.56488 0.172597 
0.146818 0.998531 0.0638483 0.986499 0.8919 0.70671 0.843728 0.846933 0.945622 0.17945 
0.992131 0.00489657 0.175118 0.37995 0.568978 0.768114 0.0973778 0.479267 0.000898805 0.172554 
0.285056 0.626948 0.415961 0.0573902 0.843703 0.992108 0.0446788 0.990828 0.899664 0.133793 
0.731279 0.474321 0.721094 0.367148 0.324202 0.762961 0.081691 0.43405 0.780407 0.143315 
0.0914799 0.216348 0.0263192 0.275563 0.689112 0.550612 0.043951 0.993623 0.162587 0.934186 
0.134323 0.134836 0.168566 0.457606 0.633331 0.213649 0.608417 0.305354 0.469469 0.562675 
0.62051 0.470142 0.9061 0.454723 0.336882 0.838732 0.0581255 0.237664 0.099106 0.89468 
0.346928 0.459464 0.526306 0.973887 0.874248 0.376492 0.0941994 0.590569 0.0764773 0.925624 
0.632808 0.929492 0.685879 0.211798 0.754025 0.513163 0.259447 0.618676 0.848616 0.239452 
0.0243381 0.780427 0.946305 0.917119 0.499107 0.209439 0.957325 0.526976 0.639978 0.0539538 
0.697581 0.00107065 0.436762 0.873019 0.550343 0.739778 0.612991 0.795297 0.112574 0.0883375 
0.472847 0.28765 0.58226 0.348347 0.986109 0.185451 0.738572 0.0438311 0.0148458 0.413624 
0.588839 0.54124 0.165682 0.275592 0.290063 0.846515 0.0697715 0.930722 0.630644 0.793575 
0.456927 0.362205 0.98118 0.726317 0.129319 0.618061 0.753183 0.356907 0.299914 0.385446 
0.0960906 0.811971 0.982101 0.772928 0.126175 0.771093 0.409597 0.66121 0.993346 0.19952 
0.12684 0.101712 0.203668 0.971126 0.341561 0.372241 0.674713 0.393036 0.80934 0.0879172 
0.434778 0.340417 0.599285 0.459818 0.881589 0.848618 0.983182 0.156081 0.476266 0.360943 
0.0851228 0.626206 0.732541 0.932804 0.541118 0.968572 0.918756 0.532833 0.341817 0.489071 
0.102258 0.0203269 0.927359 0.557612 0.349923 0.127498 0.893297 0.866064 0.143149 0.633888 
0.62108 0.905752 0.52042 0.963852 0.0495119 0.903755 0.478989 0.198707 0.999279 0.717126 
0.730466 0.16732 0.338697 0.510138 0.986102 0.330951 0.673881 0.783406 0.949737 0.737734 
0.6992 0.495332 0.964968 0.577657 0.972282 0.151395 0.540343 0.132741 0.573065 0.40569 
0.00289426 0.0741462 0.825119 0.878853 0.921701 0.0468016 0.525038 0.711802 0.334477 0.155977 
0.89022 0.914079 0.979693 0.696281 0.0630191 0.488494 0.203128 0.370649 0.588444 0.238416 
0.352202 0.844719 0.207804 0.920193 0.510717 0.84329 0.162955 0.445114 0.186083 0.930777 
0.989005 0.989706 0.381031 0.463773 0.835748 0.716199 0.900675 0.646049 0.397606 0.280584 
0.59976 0.360736 0.99555 0.142023 0.857633 0.357791 0.777297 0.476338 0.850913 0.79473 
0.632807 0.172631 0.250599 0.594833 0.72244 0.525566 0.00610436 0.0977049 0.412939 0.203252 
0.209068 0.701604 0.382767 0.0912036 0.255541 0.529354 0.502274 0.37104 0.708119 0.565667 
0.166545 0.685334 0.475806 0.493824 0.5344 0.121678 0.681919 0.70608 0.317538 0.347559 
0.261689 0.160204 0.801 0.892647 0.633309 0.775658 0.514734 0.279182 0.247333 0.993447 
0.768858 0.666711 0.647284 0.682964 0.989556 0.337852 0.168298 0.351716 0.538382 0.745251 
0.0782435 0.78808 0.559323 0.0422283 0.557065 0.0924125 0.296012 0.0771146 0.752607 0.197207 
0.0232637 0.851406 0.327599 0.616965 0.360321 0.343455 0.927402 0.0750853 0.463273 0.84466 
0.42682 0.07988 0.389406 0.447022 0.195985 0.313463 0.854844 0.532849 0.24629 0.484366 
0.0832317 0.562051 0.418921 0.693225 0.593678 0.36675 0.295127 0.454868 0.600298 0.810271 
0.649781 0.810104 0.0806589 0.159746 0.115577 0.745893 0.883557 0.796721 0.135855 0.0275464 
0.152738 0.338017 0.219787 0.687468 0.7212 0.624672 0.13593 0.00904722 0.333397 0.578338 
0.0661789 0.13455 0.937684 0.285243 0.415371 0.146207 0.049165 0.826418 0.440193 0.630792 
0.817827 0.965592 0.560484 0.871731 0.0418416 0.675267 0.714822 0.632514 0.434638 0.563853 
0.777554 0.157151 0.515543 0.536467 0.982087 0.274264 0.964424 0.792043 0.742411 0.756671 
0.526909 0.158176 0.568785 0.617138 0.404445 0.758339 0.573797 0.570649 0.320672 0.308064 
0.555533 0.231635 0.895968 0.347675 0.431226 0.141358 0.780923 0.262893 0.258872 0.691212 
0.888439 0.00222534 0.855339 0.78038 0.452974 0.655986 0.319428 0.418937 0.421567 0.368842 
0.95047 0.960759 0.0757069 0.450578 0.955777 0.908573 0.5869 0.666667 0.506038 0.53818 
0.574323 0.91287 0.7418 0.555631 0.90684 0.746231 0.184234 0.368462 0.146728 0.162558 
0.168716 0.296642 0.528823 0.733952 0.51183 0.839455 0.0483054 0.117709 0.681468 0.483563 
0.518821 0.483811 0.205734 0.705676 0.0642812 0.118293 0.45243 0.668391 0.898107 0.634007 
0.942988 0.0852282 0.0691793 0.709303 0.733738 0.761603 0.722146 0.824679 0.149338 0.189512 
0.516833 0.196409 0.510418 0.743769 0.421226 0.8168 0.533079 0.0950644 0.440863 0.204223 
0.743534 0.832975 0.110886 0.516399 0.4196 0.0777927 0.404258 0.038464 0.343884 0.322152 
0.641479 0.183619 0.861614 0.66632 0.900021 0.680107 0.141982 0.699686 0.669337 0.896254 
0.451239 0.530788 0.229521 0.653313 0.69801 0.27777 0.501299 0.956564 0.250406 0.953261 
0.351862 0.360449 0.444338 0.792643 0.951306 0.401508 0.731846 0.712135 0.0781166 0.435931 
0.144441 0.237335 0.743315 0.450627 0.433754 0.014942 0.968253 0.00313845 0.735581 0.883285 
0.193999 0.341156 0.0761692 0.531985 0.063193 0.884894 0.666867 0.790008 0.305849 0.28997 
0.0519753 0.137906 0.527393 0.854358 0.145837 0.839715 0.656845 0.478565 0.95399 0.260189 
0.744471 0.674056 0.0747931 0.952443 0.329714 0.816941 0.802256 0.162109 0.927856 0.160307 
0.10542 0.847467 0.843337 0.23039 0.433601 0.392188 0.362191 0.475073 0.171582 0.638659 
0.35015 0.965007 0.0594667 0.98859 0.512473 0.361392 0.255652 0.199705 0.111081 0.546356 
0.649682 0.815406 0.934713 0.523714 0.356522 0.0518973 0.312594 0.858844 0.108841 0.750419 
0.425678 0.186994 0.752566 0.862488 0.442315 0.826229 0.977471 0.214047 0.53623 0.309588 
0.502652 0.944022 0.342051 0.232312 0.999116 0.982144 0.251589 0.674404 0.449568 0.0557827 
0.119887 0.92468 0.305034 0.457879 0.47825 0.716993 0.76177 0.16773 0.0182797 0.15618 
0.805373 0.606917 0.844813 0.805581 0.828635 0.173607 0.565978 0.27056 0.805122 0.859424 
0.53709 0.808052 0.494081 0.166744 0.537274 0.297399 0.724828 0.917028 0.0197991 0.545866 
0.22377 0.828561 0.225221 0.869037 0.570128 0.401164 0.694802 0.963496 0.231575 0.179144 
0.444909 0.155102 0.0341882 0.195898 0.599885 0.906188 0.000642794 0.603724 0.0887393 0.438918 
0.730887 0.121351 0.255638 0.0611805 0.882804 0.402595 0.407297 0.552115 0.733244 0.602534 
0.0999504 0.108306 0.419088 0.773065 0.965058 0.0951315 0.517191 0.543472 0.849252 0.255919 
0.11891 0.412708 0.422307 0.439684 0.0607186 0.36242 0.937757 0.103781 0.335922 0.187922 
0.736378 0.524048 0.667791 0.236664 0.829909 0.958118 0.556741 0.621727 0.752881 0.64396 
0.572999 0.154238 0.20733 0.277623 0.845676 0.769233 0.214107 0.692923 0.309859 0.682153 
0.969305 0.403169 0.12559 0.816611 0.342794 0.711774 0.70879 0.0895079 0.727946 0.954417 
0.723989 0.244566 0.632123 0.783379 0.965271 0.930698 0.0416961 0.785494 0.398182 0.671477 
0.0854659 0.0772446 0.527766 0.734834 0.219976 0.228839 0.300871 0.422516 0.510609 0.488248 
0.465237 0.854978 0.331949 0.540894 0.0869828 0.777071 0.0753764 0.554571 0.298889 0.725524 
0.0812798 0.900068 0.773467 0.870583 0.129586 0.647201 0.125658 0.852919 0.784868 0.382436 
0.330839 0.198483 0.109832 0.0410546 0.460085 0.960429 0.280062 0.330756 0.0321393 0.486411 
0.013164 0.268191 0.197579 0.558285 0.235721 0.46849 0.898941 0.239069 0.775504 0.676868 
0.742789 0.566094 0.729072 0.0891567 0.0778108 0.532103 0.279624 0.222545 0.331922 0.607657 
0.68631 0.449943 0.10261 0.950209 0.498591 0.995829 0.309857 0.438291 0.483954 0.37316 
0.679383 0.671697 0.872856 0.817569 0.592041 0.534852 0.578647 0.254455 0.513 0.109373 
0.761658 0.738129 0.354255 0.519988 0.805782 0.0238346 0.430241 0.13132 0.625393 0.142662 
0.303146 0.649756 0.267947 0.147984 0.941157 0.749124 0.182993 0.969969 0.875147 0.0725229 
0.130733 0.549069 0.458082 0.0952835 0.764732 0.625222 0.394055 0.323428 0.20741 0.060077 
0.899719 0.85847 0.0553833 0.573334 0.802652 0.0707901 0.6678 0.547573 0.72548 0.864162 
0.121289 0.955542 0.574604 0.285359 0.837208 0.0568327 0.119391 0.54524 0.183204 0.287714 
0.449802 0.218295 0.253839 0.355012 0.761079 0.13051 0.179246 0.830508 0.851758 0.510091 
0.696544 0.298391 0.0553917 0.890205 0.907465 0.223836 0.238699 0.212802 0.0717657 0.477574 
0.0719834 0.411212 0.673237 0.88423 0.104741 0.153858 0.378356 0.0534866 0.303203 0.339212 
0.0381289 0.914852 0.891021 0.746571 0.363328 0.468052 0.324571 0.17513 0.828221 0.561881 
0.496118 0.20267 0.783169 0.0380657 0.878935 0.5193 0.398896 0.213196 0.743282 0.0719448 
0.135942 0.428074 0.29132 0.214173 0.368242 0.0832163 0.747938 0.33606 0.764263 0.861368 
0.309061 0.686767 0.61351 0.421402 0.50911 0.725593 0.401697 0.798072 0.741232 0.171917 
0.959286 0.496892 0.225644 0.833107 0.0506553 0.217321 0.686067 0.220421 0.835293 0.997663 
0.200889 0.156094 0.699599 0.180425 0.080284 0.648334 0.823878 0.453612 0.790527 0.344318 
0.360066 0.88629 0.767618 0.331485 0.869066 0.27916 0.412916 0.183965 0.880939 0.578452 
0.00567991 0.388315 0.381101 0.254597 0.529581 0.76691 0.942847 0.0533379 0.426344 0.570821 
0.16255 0.121816 0.627651 0.861859 0.289826 0.0723945 0.672033 0.114935 0.576271 0.439222 
0.389684 0.163396 0.479839 0.943907 0.343741 0.708105 0.827313 0.487148 0.554239 0.962441 
0.674911 0.856164 0.669759 0.378774 0.209464 0.90661 0.030236 0.565244 0.709826 0.66829 
0.529342 0.131221 0.579677 0.280022 0.10858 0.677555 0.705339 0.434419 0.397125 0.582148 
0.117263 0.457406 0.469552 0.0610703 0.107523 0.98063 0.794164 0.527788 0.184467 0.0262213 
0.821493 0.213182 0.63798 0.645125 0.95515 0.132431 0.233413 0.970027 0.489322 0.995449 
0.284956 0.490694 0.645128 0.178786 0.573737 0.57062 0.530782 0.0170999 0.113908 0.575826 
0.222038 0.0541252 0.408403 0.937439 0.519623 0.00858833 0.661801 0.0318844 0.652491 0.0247026 
0.898924 0.975003 0.343703 0.445373 0.716534 0.253806 0.435184 0.785476 0.685828 0.623103 
0.605553 0.521458 0.641995 0.709774 0.111252 0.382717 0.481364 0.137969 0.770471 0.761206 
0.949312 0.892348 0.612692 0.410985 0.927017 0.961223 0.73698 0.770753 0.411274 0.505592 
0.156631 0.36661 0.438546 0.0276458 0.144051 0.0676513 0.606823 0.731634 0.181014 0.581642 
0.484879 0.192138 0.260551 0.475774 0.657713 0.68656 0.0949831 0.161432 0.858533 0.645846 
0.243592 0.681405 0.643151 0.153739 0.0533046 0.21435 0.0917203 0.8439 0.675801 0.39042 
0.916253 0.21965 0.348038 0.315647 0.748192 0.202176 0.947434 0.241617 0.603737 0.471546 
0.423436 0.58067 0.204267 0.146084 0.103442 0.41575 0.66409 0.0888813 0.370545 0.964486 
0.590703 0.55355 0.134507 0.575574 0.297017 0.460614 0.0364967 0.0246718 0.111497 0.423888 
0.497991 0.129201 0.629358 0.141872 0.98738 0.191785 0.790858 0.0346952 0.732536 0.163359 
0.281054 0.077315 0.274649 0.52299 0.320286 0.949213 0.206021 0.0174935 0.369233 0.483771 
0.587953 0.398002 0.539969 0.0478895 0.658594 0.861901 0.346716 0.971892 0.777689 0.839508 
0.596863 0.63755 0.935059 0.700524 0.723609 0.0407936 0.807106 0.639419 0.268731 0.909143 
0.386865 0.194127 0.000140913 0.747861 0.946005 0.163851 0.854784 0.00157452 0.159181 0.446299 
0.696061 0.0482877 0.827711 0.432763 0.954263 0.574524 0.681833 0.969722 0.608616 0.518771 
0.828184 0.277435 0.846457 0.625107 0.602651 0.509216 0.14549 0.701766 0.685829 0.0894915 
0.280936 0.477207 0.275404 0.318705 0.582797 0.92976 0.54224 0.00588054 0.313721 0.10518 
0.720098 0.546601 0.909024 0.769796 0.612715 0.447254 0.830325 0.185262 0.567401 0.528322 
0.992815 0.365582 0.586948 0.432711 0.671109 0.10531 0.109018 0.0796559 0.409003 0.736293 
0.933075 0.549415 0.617581 0.0436714 0.377691 0.151509 0.494145 0.740633 0.101047 0.896828 
0.572012 0.522495 0.268294 0.353245 0.104455 0.930165 0.730998 0.0320182 0.566435 0.973737 
0.198802 0.891332 0.309233 0.536845 0.0792433 0.291283 0.832658 0.260314 0.355584 0.564488 
0.0207697 0.55873 0.597082 0.529498 0.402392 0.100913 0.940011 0.663774 0.308823 0.212309 
0.157158 0.612281 0.523097 0.412948 0.462042 0.290461 0.38866 0.634329 0.315433 0.993156 
0.569294 0.646734 0.221855 0.929554 0.876784 0.597112 0.317705 0.531422 0.396945 0.267244 
0.26426 0.865479 0.838272 0.385563 0.785413 0.0170942 0.0814568 0.280864 0.790943 0.225326 
0.608589 0.476835 0.658129 0.474796 0.807167 0.0755878 0.62789 0.881707 0.330939 0.0937389 
0.736076 0.0629999 0.880978 0.0783359 0.625267 0.467289 0.721729 0.239682 0.948312 0.0382248 
0.584965 0.563797 0.555522 0.60053 0.485198 0.863577 0.164685 0.931393 0.794039 0.0406908 
0.980355 0.942977 0.439373 0.594303 0.89625 0.400919 0.568874 0.520649 0.19076 0.465354 
0.169747 0.961354 0.703333 0.625486 0.286602 0.208678 0.826437 0.944341 0.205327 0.440054 
0.495932 0.664217 0.417606 0.612005 0.801447 0.853085 0.78138 0.160438 0.923896 0.739437 
0.476796 0.246588 0.15354 0.601338 0.597921 0.432269 0.862746 0.885829 0.73538 0.296013 
0.159515 0.101195 0.635759 0.465728 0.135782 0.261611 0.236193 0.21804 0.144865 0.874797 
0.266506 0.813573 0.681402 0.463719 0.471364 0.75444 0.529962 0.442022 0.595579 0.491168 
0.0453772 0.426087 0.556263 0.308212 0.265535 0.828883 0.542408 0.142198 0.687897 0.524571 
0.886596 0.668727 0.720001 0.690769 0.210307 0.812214 0.176934 0.340951 0.385547 0.956113 
0.625005 0.413203 0.13614 0.163371 0.95489 0.35413 0.545253 0.804955 0.688631 0.87997 
0.440532 0.206979 0.195124 0.618319 0.680681 0.254571 0.0788209 0.654879 0.850255 0.930273 
0.652348 0.392683 0.63968 0.967895 0.353114 0.84426 0.683043 0.199972 0.6165 0.430687 
0.833579 0.391026 0.586197 0.693471 0.157429 0.354709 0.737165 0.758141 0.0381082 0.34883 
0.352185 0.416432 0.348015 0.153872 0.383799 0.674281 0.13089 0.676622 0.95097 0.758739 
0.146433 0.391171 0.704701 0.710835 0.527155 0.863068 0.0406946 0.752669 0.0354795 0.845536 
0.645772 0.848383 0.393216 0.872847 0.0868268 0.453834 0.454378 0.751615 0.321079 0.667318 
0.876349 0.679532 0.901069 0.0920884 0.945394 0.859553 0.934719 0.525604 0.140676 0.36377 
0.314854 0.606304 0.332995 0.532038 0.0326447 0.584968 0.836455 0.400002 0.57648 0.717546 
0.179499 0.578354 0.774955 0.169449 0.456963 0.784862 0.663772 0.433742 0.648095 0.493779 
0.0474047 0.613005 0.842431 0.592832 0.211432 0.358086 0.412372 0.283244 0.974913 0.411906 
0.315566 0.447164 0.0316002 0.61124 0.942686 0.46456 0.848028 0.0102429 0.56459 0.545931 
0.840099 0.467621 0.148359 0.763104 0.891128 0.77536 0.743113 0.138157 0.438757 0.104229 
0.101529 0.319847 0.927842 0.8616 0.850639 0.0522919 0.389065 0.348077 0.674699 0.781882 
0.883762 0.401944 0.663324 0.211125 0.187695 0.303474 0.518109 0.959699 0.454538 0.366727 
0.983702 0.96822 0.0211341 0.300625 0.786305 0.130627 0.100056 0.557441 0.195258 0.918979 
0.339041 0.51835 0.597477 0.0362282 0.954894 0.332092 0.420856 0.437989 0.526752 0.69798 
0.980135 0.362755 0.00876128 0.710552 0.394614 0.562566 0.328043 0.167107 0.115883 0.345947 
0.557932 0.576738 0.300688 0.8138 0.347885 0.20465 0.456226 0.160513 0.77739 0.882555 
0.393266 0.254455 0.307531 0.239883 0.281744 0.571322 0.892059 0.540369 0.45638 0.715357 
0.54118 0.330174 0.748713 0.944552 0.501431 0.40432 0.698836 0.785574 0.294442 0.690071 
0.860189 0.448438 0.127246 0.742604 0.031875 0.0365847 0.482753 0.742283 0.31716 0.602963 
0.098725 0.0830455 0.479671 0.205358 0.852542 0.944831 0.899176 0.518394 0.82341 0.596605 
0.664118 0.8385 0.0493162 0.875721 0.91514 0.146838 0.31428 0.0330009 0.699142 0.0342733 
0.675892 0.612834 0.706782 0.572514 0.969627 0.220522 0.842899 0.70516 0.396549 0.00173728 
0.734776 0.521519 0.679387 0.119323 0.425108 0.515172 0.357886 0.86775 0.5755 0.580106 
0.927172 0.100086 0.26552 0.664984 0.590207 0.677657 0.386743 0.382139 0.750969 0.373733 
0.453495 0.89329 0.83987 0.516566 0.349744 0.0649197 0.223539 0.00488664 0.101256 0.283758 
0.788625 0.795752 0.613168 0.175584 0.807021 0.312169 0.578152 0.618438 0.97664 0.355304 
0.146318 0.784978 0.253583 0.878442 0.108564 0.876768 0.550832 0.233871 0.0547745 0.425177 
0.983765 0.613165 0.956057 0.311298 0.765461 0.420992 0.737669 0.695644 0.340688 0.816672 
0.855229 0.0784446 0.760088 0.0495286 0.617814 0.180342 0.587828 0.0551987 0.964254 0.372133 
0.522568 0.285796 0.526435 0.202645 0.86917 0.240834 0.755436 0.331519 0.355403 0.408444 
0.0645118 0.502679 0.16151 0.978459 0.00627481 0.989322 0.288026 0.543442 0.342364 0.640343 
0.044882 0.775155 0.72525 0.877835 0.236627 0.934316 0.154346 0.48577 0.385909 0.550411 
0.811141 0.118814 0.639827 0.34795 0.934178 0.072045 0.985429 0.992569 0.941274 0.638347 
0.472964 0.567684 0.552997 0.433198 0.586878 0.963994 0.856486 0.000654534 0.388839 0.515119 
0.0765019 0.154047 0.029447 0.122442 0.669137 0.564208 0.411876 0.187225 0.689912 0.903531 
0.127402 0.828455 0.970514 0.362325 0.729613 0.210838 0.0859408 0.944173 0.754609 0.0196785 
0.878693 0.0719733 0.539603 0.33765 0.372855 0.340793 0.795975 0.404845 0.761905 0.248315 
0.489818 0.464976 0.388323 0.119267 0.879186 0.216183 0.0181358 0.897005 0.711983 0.608091 
0.855409 0.162534 0.369398 0.604926 0.65629 0.0556236 0.951375 0.19592 0.565234 0.391725 
0.724759 0.988447 0.351335 0.782047 0.960088 0.832607 0.846011 0.359562 0.469342 0.539572 
0.291108 0.410674 0.506873 0.163769 0.412426 0.713157 0.718048 0.0857215 0.486214 0.857554 
0.436514 0.846184 0.402781 0.781242 0.54654 0.101163 0.139334 0.114141 0.421977 0.752064 
0.281994 0.0902598 0.992788 0.140619 0.475712 0.111767 0.916428 0.326502 0.536345 0.275327 
0.346042 0.317697 0.964857 0.52854 0.551953 0.215231 0.967611 0.0397484 0.641949 0.736678 
0.577406 0.13581 0.202876 0.709064 0.369458 0.715453 0.0251894 0.0809016 0.624434 0.917843 
0.329817 0.162939 0.76464 0.89382 0.613496 0.577111 0.0258004 0.0475701 0.480921 0.192128 
0.0204125 0.148742 0.872073 0.424668 0.67573 0.687625 0.719171 0.353027 0.0438428 0.562293 
0.708403 0.303975 0.114476 0.0344382 0.369973 0.374588 0.426628 0.204907 0.886843 0.351993 
0.221605 0.31083 0.733181 0.871077 0.530617 0.687387 0.952471 0.375339 0.194524 0.604114 
0.849329 0.412157 0.610868 0.135474 0.733283 0.763754 0.872043 0.51444 0.263596 0.981468 
0.484471 0.155934 0.516542 0.109659 0.29707 0.996279 0.884578 0.243271 0.0657334 0.843479 
0.267686 0.214232 0.919128 0.823958 0.848477 0.507556 0.433113 0.73643 0.115629 0.136955 
0.981758 0.0322104 0.315523 0.181832 0.475467 0.397408 0.747468 0.17314 0.144974 0.689566 
0.898408 0.0196366 0.891791 0.950119 0.0410865 0.362315 0.326894 0.301225 0.793213 0.092207 
0.374866 0.143545 0.110704 0.0691891 0.217731 0.749668 0.797978 0.946216 0.750033 0.845143 
0.20113 0.995852 0.597373 0.102524 0.617627 0.999463 0.0652907 0.847678 0.90741 0.614771 
0.723625 0.389879 0.36313 0.171104 0.556043 0.199688 0.145565 0.65244 0.607306 0.98755 
0.168045 0.405743 0.591152 0.849943 0.537082 0.91863 0.85089 0.0997075 0.364913 0.87649 
0.0473141 0.883529 0.637963 0.973152 0.177597 0.108463 0.124042 0.434994 0.374444 0.462017 
0.68381 0.216796 0.742022 0.163392 0.797035 0.468918 0.0238834 0.555995 0.629899 0.880901 
0.710348 0.626535 0.00353949 0.973351 0.38907 0.672548 0.0295595 0.777786 0.977032 0.83893 
0.154229 0.852203 0.367792 0.0903115 0.278678 0.00833606 0.337378 0.0449757 0.906898 0.0686445 
0.106491 0.707141 0.405133 0.760455 0.299142 0.466236 0.652553 0.548171 0.287296 0.962396 
0.933782 0.163366 0.219417 0.242372 0.854758 0.0299802 0.549754 0.509276 0.165567 0.250151 
0.329163 0.431032 0.231628 0.624659 0.121321 0.902928 0.0504593 0.150461 0.949591 0.982539 
0.783425 0.324193 0.977377 0.754693 0.5643 0.49346 0.456386 0.66832 0.122926 0.741737 
0.597608 0.739888 0.279823 0.27207 0.548313 0.138853 0.471571 0.200281 0.19354 0.429338 
0.927056 0.832404 0.15493 0.989928 0.118715 0.458561 0.217879 0.76769 0.797147 0.457518 
0.0389012 0.938263 0.447886 0.94922 0.11483 0.0840931 0.744853 0.402477 0.0185512 0.505864 
0.920964 0.676885 0.00514617 0.055444 0.180597 0.320816 0.586431 0.864048 0.185844 0.827171 
0.158974 0.654259 0.0807693 0.142169 0.760474 0.8218 0.313587 0.277146 0.625476 0.633801 
0.0593841 0.707804 0.395679 0.325989 0.886822 0.93572 0.647751 0.294319 0.876436 0.394127 
0.441816 0.542667 0.155844 0.675656 0.145841 0.500491 0.88849 0.889895 0.935004 0.697783 
0.270659 0.711006 0.779752 0.290334 0.583581 0.856424 0.170117 0.246214 0.650258 0.337688 
0.872682 0.198147 0.70327 0.356262 0.247323 0.463509 0.382467 0.924582 0.353517 0.776371 
0.14304 0.718649 0.491962 0.799118 0.346002 0.866739 0.614663 0.664912 0.634806 0.700626 
0.50638 0.0616259 0.80649 0.453863 0.12233 0.764953 0.318535 0.83379 0.810077 0.0181571 
0.426556 0.579024 0.170125 0.961845 0.440809 0.899556 0.344195 0.412188 0.482508 0.677203 
0.775768 0.591906 0.112987 0.452727 0.850218 0.62454 0.163492 0.426553 0.79818 0.0790617 
0.44087 0.0460116 0.139318 0.0718205 0.321375 0.385615 0.472663 0.0567779 0.39707 0.553189 
0.414334 0.896512 0.0786832 0.900526 0.600963 0.243499 0.917145 0.445003 0.581682 0.845123 
0.583995 0.447785 0.703417 0.85463 0.282636 0.5136 0.790254 0.349347 0.959062 0.88993 
0.379507 0.889463 0.816704 0.978953 0.138377 0.957637 0.137624 0.894236 0.617781 0.163835 
0.701438 0.535599 0.954008 0.15438 0.530044 0.378294 0.238556 0.969146 0.74698 0.210729 
0.144641 0.217876 0.305571 0.0776859 0.387045 0.370912 0.882232 0.297825 0.158162 0.800418 
0.0153531 0.716455 0.370277 0.568736 0.540297 0.552332 0.252528 0.803882 0.277811 0.992004 
0.847001 0.409012 0.668745 0.541714 0.931058 0.800519 0.882883 0.413081 0.177081 0.406545 
0.408926 0.965805 0.615197 0.849287 0.556593 0.902231 0.0554473 0.516463 0.944156 0.408025 
0.886108 0.142637 0.425593 0.297172 0.207119 0.392749 0.671705 0.88108 0.722637 0.959622 
0.136515 0.0129121 0.950067 0.792579 0.714095 0.20741 0.256628 0.00951304 0.646239 0.397421 
0.850923 0.562217 0.0680889 0.164375 0.602042 0.44929 0.795425 0.0279082 0.243569 0.999339 
0.196855 0.120898 0.205113 0.343088 0.545883 0.892565 0.0931335 0.273255 0.442604 0.715682 
0.516185 0.968354 0.754253 0.533645 0.176119 0.372762 0.528613 0.149976 0.500638 0.803019 
0.321933 0.340538 0.997666 0.773495 0.926369 0.422778 0.390507 0.853134 0.763876 0.442264 
0.255612 0.00226255 0.312795 0.123724 0.466439 0.84665 0.420843 0.320987 0.261032 0.545518 
0.113515 0.163068 0.945623 0.315124 0.492386 0.134796 0.656142 0.768081 0.923541 0.519317 
0.938218 0.0417382 0.278919 0.391932 0.361298 0.468072 0.982538 0.172608 0.645436 0.684172 
0.127861 0.0852783 0.909735 0.0367819 0.90667 0.877455 0.492482 0.799798 0.555097 0.800081 
0.00336694 0.559398 0.115917 0.908414 0.584539 0.882057 0.520441 0.684528 0.889638 0.974024 
0.231295 0.46394 0.677697 0.308811 0.656669 0.809935 0.367645 0.517399 0.399428 0.286838 
0.253552 0.228409 0.389746 0.157988 0.978423 0.620655 0.689121 0.982729 0.846173 0.220023 
0.274869 0.749192 0.0851629 0.899181 0.716759 0.495529 0.684227 0.19106 0.658309 0.833041 
0.187703 0.566219 0.951936 0.78729 0.287404 0.275112 0.350697 0.32846 0.881303 0.915171 
0.967294 0.464635 0.759444 0.0438304 0.526588 0.0286078 0.114105 0.836955 0.768708 0.646511 
0.0140607 0.831345 0.572534 0.447083 0.219377 0.944814 0.503079 0.769527 0.542594 0.339994 
0.699764 0.892669 0.0380019 0.972175 0.872361 0.252621 0.00852656 0.367912 0.126311 0.887795 
0.479753 0.0453824 0.780446 0.408639 0.243237 0.230618 0.576366 0.946968 0.467142 0.443071 
0.694557 0.521912 0.898236 0.782758 0.830471 0.922619 0.872516 0.704216 0.43496 0.596774 
0.508599 0.826563 0.738068 0.444356 0.88834 0.177272 0.515067 0.270273 0.264979 0.294495 
0.926499 0.436293 0.64774 0.322612 0.932584 0.936436 0.637231 0.139509 0.234977 0.860431 
0.595035 0.962393 0.25479 0.956908 0.479586 0.541355 0.669351 0.861858 0.9128 0.815727 
0.190802 0.79167 0.211062 0.635925 0.88666 0.375198 0.736555 0.977365 0.728959 0.722291 
0.433683 0.947364 0.62189 0.853453 0.155711 0.466062 0.557371 0.17027 0.176701 0.108496 
0.675801 0.536028 0.111617 0.598872 0.0847716 0.793672 0.938524 0.18095 0.975579 0.9978 
0.727536 0.950695 0.0733242 0.611124 0.506254 0.858324 0.0108448 0.33051 0.478211 0.634943 
0.519906 0.768021 0.454201 0.598041 0.891221 0.965318 0.0543891 0.0473455 0.566506 0.0136255 
0.694443 0.615459 0.287584 0.0972941 0.922617 0.305071 0.241744 0.960216 0.254476 0.12214 
0.806971 0.103314 0.533106 0.911155 0.684625 0.313327 0.725785 0.0407636 0.446055 0.222394 
0.82277 0.537034 0.338382 0.0909737 0.38419 0.355126 0.651553 0.494926 0.684479 0.94232 
0.870465 0.856444 0.592289 0.712483 0.761171 0.372624 0.0659093 0.810067 0.112726 0.845393 
0.480123 0.88053 0.369634 0.367988 0.133133 0.789672 0.191194 0.779358 0.942591 0.98634 
0.21964 0.503422 0.105552 0.637259 0.13552 0.234763 0.868893 0.697995 0.990928 0.348399 
0.687942 0.0456445 0.488924 0.781831 0.182014 0.528869 0.462564 0.9952 0.25961 0.99705 
0.694409 0.826164 0.894977 0.539616 0.306552 0.724901 0.714045 0.442377 0.0672328 0.526979 
0.831369 0.0914517 0.854918 0.663725 0.0948123 0.712921 0.976977 0.911613 0.305975 0.760761 
0.227566 0.647117 0.468602 0.18295 0.713055 0.811901 0.471025 0.533089 0.142368 0.474052 
0.852898 0.891415 0.242817 0.902862 0.343545 0.644398 0.0714403 0.875911 0.22835 0.0386559 
0.642796 0.701687 0.404928 0.369584 0.743866 0.925257 0.0599238 0.268788 0.633597 0.913593 
0.616985 0.968305 0.250283 0.961099 0.894093 0.603207 0.669865 0.00651574 0.160782 0.392838 
0.0953357 0.0767313 0.112249 0.237827 0.453294 0.682012 0.694207 0.510406 0.348017 0.112584 
0.818803 0.848343 0.831472 0.477402 0.642339 0.855608 0.36755 0.540634 0.580925 0.866927 
0.110961 0.256836 0.30477 0.399994 0.384396 0.964715 0.70849 0.730819 0.994625 0.369174 
0.831898 0.325633 0.00799527 0.224661 0.0816935 0.338755 0.840002 0.578136 0.503264 0.58835 
0.802298 0.521153 0.32512 0.880595 0.404893 0.398185 0.232542 0.113725 0.133959 0.412307 
0.423199 0.710024 0.773395 0.42462 0.130573 0.429714 0.25356 0.24647 0.0898636 0.179918 
0.580866 0.525582 0.323562 0.851747 0.47324 0.102939 0.783845 0.358605 0.0766914 0.564753 
0.243519 0.459615 0.821177 0.770708 0.285813 0.501453 0.832995 0.45387 0.599323 0.880129 
0.226743 0.341712 0.0517373 0.98948 0.405293 0.421761 0.937716 0.988368 0.55976 0.276115 
0.229136 0.675398 0.616944 0.989831 0.0329623 0.330596 0.600053 0.445873 0.720899 0.35636 
0.581794 0.468394 0.609719 0.798235 0.688272 0.796923 0.561473 0.0441386 0.984527 0.879536 
0.511938 0.254601 0.543874 0.693232 0.674947 0.119859 0.40235 0.737597 0.50407 0.0518013 
0.350199 0.161284 0.0121089 0.458747 0.82143 0.0839523 0.557859 0.364736 0.998749 0.589797 
0.368951 0.323883 0.480577 0.822346 0.00306374 0.375599 0.629564 0.900788 0.524881 0.744445 
0.951946 0.666161 0.856584 0.877824 0.058703 0.640945 0.891514 0.535634 0.464077 0.0159792 
0.830273 0.808045 0.676782 0.765779 0.718925 0.801471 0.00048597 0.537983 0.112681 0.410513 
0.377155 0.956599 0.578971 0.370813 0.155201 0.288524 0.081452 0.982321 0.000675635 0.414538 
0.932978 0.857065 0.716205 0.338189 0.788555 0.195172 0.258537 0.712514 0.736634 0.297889 
0.065357 0.776557 0.182491 0.362757 0.705519 0.245026 0.0142616 0.848351 0.0200879 0.24515 
0.435483 0.497545 0.167056 0.903843 0.583826 0.269567 0.932582 0.264633 0.817217 0.875197 
0.498569 0.397561 0.0830729 0.130137 0.709664 0.00587091 0.50823 0.973918 0.68216 0.610753 
0.11505 0.0598224 0.314821 0.656917 0.46876 0.280898 0.0153937 0.272754 0.173389 0.300685 
0.343948 0.424417 0.204648 0.158884 0.656509 0.958019 0.773871 0.751129 0.116768 0.897147 
0.598836 0.754773 0.628774 0.161692 0.0492255 0.0846441 0.478653 0.786663 0.91206 0.0765434 
0.160094 0.0158327 0.0733383 0.845726 0.374075 0.0744497 0.949594 0.638153 0.340097 0.861964 
0.106347 0.511558 0.977408 0.712347 0.57611 0.936787 0.0942469 0.856381 0.156142 0.39555 
0.784585 0.661966 0.550807 0.768291 0.855722 0.153367 0.436096 0.908552 0.641549 0.100381 
0.20804 0.0738696 0.173042 0.654651 0.130493 0.851395 0.648774 0.964775 0.319337 0.0304737 
0.543432 0.173699 0.490318 0.052572 0.86922 0.509087 0.0925818 0.0293537 0.518373 0.107186 
0.894369 0.592354 0.964431 0.943467 0.371671 0.453141 0.752533 0.643285 0.884664 0.436488 
0.636086 0.468324 0.775591 0.082635 0.127441 0.233393 0.19265 0.0655937 0.12496 0.853071 
0.175454 0.764665 0.294919 0.639161 0.176501 0.50335 0.841696 0.119357 0.778973 0.920722 
0.940922 0.746277 0.894405 0.32125 0.422582 0.00986499 0.714937 0.0398874 0.221559 0.167748 
0.465932 0.726035 0.986518 0.600873 0.862225 0.976989 0.984896 0.34767 0.402952 0.456516 
0.491192 0.702139 0.060975 0.77798 0.279091 0.456663 0.166766 0.869423 0.918803 0.659119 
0.411516 0.502344 0.279665 0.798722 0.00409644 0.993584 0.253834 0.0645638 0.0201958 0.487308 
0.374347 0.750389 0.738337 0.0862789 0.729889 0.662655 0.920326 0.514927 0.619324 0.239963 
0.687824 0.102119 0.87008 0.851133 0.885969 0.469547 0.679108 0.702439 0.433636 0.351788 
0.288819 0.876914 0.531167 0.592293 0.474286 0.59132 0.178806 0.0246408 0.573365 0.189285 
0.181802 0.86961 0.422513 0.831153 0.624995 0.659042 0.0741399 0.0667178 0.948455 0.413119 
0.840822 0.417573 0.663933 0.770807 0.884434 0.88322 0.625339 0.30291 0.205448 0.344176 
0.843801 0.556019 0.355257 0.244935 0.601768 0.111515 0.751603 0.601241 0.485564 0.788678 
0.670343 0.741284 0.528025 0.904647 0.56934 0.28034 0.514833 0.758506 0.00183504 0.543028 
0.586576 0.472674 0.454312 0.254867 0.237844 0.505832 0.0587275 0.452602 0.933594 0.254496 
0.865788 0.686417 0.750602 0.346546 0.818222 0.323268 0.0529371 0.75406 0.599458 0.0616097 
0.118907 0.214212 0.608926 0.499282 0.781119 0.270307 0.887403 0.837581 0.418358 0.148787 
0.356913 0.37645 0.249926 0.495419 0.00874951 0.704692 0.454101 0.626068 0.665829 0.00144335 
0.314132 0.173143 0.549452 0.771036 0.813714 0.429269 0.172557 0.900967 0.114412 0.0374746 
0.485855 0.777492 0.111955 0.471762 0.5705 0.77499 0.416877 0.337806 0.607507 0.507193 
0.319354 0.444948 0.85973 0.584143 0.0607963 0.683198 0.505096 0.437255 0.128019 0.227974 
0.0424492 0.803702 0.310823 0.744159 0.880301 0.10731 0.530044 0.741871 0.562694 0.688581 
0.90708 0.19001 0.981901 0.657415 0.0923983 0.725674 0.150995 0.209188 0.683075 0.238915 
0.0450723 0.620448 0.583413 0.252458 0.838943 0.83294 0.330511 0.355094 0.141176 0.608334 
0.804659 0.0606402 0.248493 0.193575 0.670125 0.700831 0.955976 0.860134 0.613086 0.768809 
0.217812 0.109735 0.571987 0.173628 0.084957 0.913397 0.296098 0.339317 0.672193 0.0528258 
0.205656 0.332582 0.355867 0.729231 0.27462 0.339314 0.909987 0.988792 0.554135 0.527906 
0.272398 0.105843 0.0323255 0.161564 0.782263 0.0788928 0.560186 0.8446 0.631537 0.446715 
0.834366 0.543097 0.864047 0.675201 0.27107 0.428214 0.550032 0.619581 0.714505 0.220054 
0.200944 0.38052 0.354316 0.411118 0.92345 0.0258693 0.798175 0.833465 0.373221 0.509941 
0.695744 0.500939 0.09239 0.759384 0.29686 0.964559 0.713103 0.47232 0.307535 0.305093 
0.0394338 0.920968 0.976373 0.366244 0.745033 0.207561 0.513987 0.111823 0.129572 0.144497 
0.705724 0.297203 0.733549 0.0353547 0.553411 0.866565 0.443407 0.421205 0.787071 0.604412 
0.859823 0.814909 0.852546 0.849614 0.881728 0.956183 0.035937 0.599815 0.161985 0.593514 
0.2282 0.200891 0.22089 0.130353 0.216716 0.507253 0.658853 0.364029 0.0609228 0.602956 
0.230832 0.761643 0.887053 0.301026 0.290586 0.102237 0.0909448 0.428315 0.91925 0.529057 
0.821328 0.142386 0.0299684 0.000982802 0.704179 0.137611 0.579679 0.396995 0.518535 0.31709 
0.378693 0.131656 0.186135 0.286833 0.747136 0.897616 0.931773 0.481371 0.725782 0.315821 
0.141229 0.1722 0.14827 0.447494 0.549528 0.222991 0.453653 0.0485485 0.958173 0.337657 
0.20504 0.177758 0.950808 0.532145 0.204257 0.451194 0.888969 0.276296 0.514471 0.606835 
0.700432 0.000263186 0.551125 0.876057 0.883292 0.314087 0.121644 0.205131 0.788402 0.468957 
0.27243 0.0288755 0.365651 0.806986 0.118007 0.629746 0.639994 0.593481 0.729719 0.574336 
0.680969 0.42562 0.25739 0.526229 0.189152 0.454547 0.284537 0.632431 0.38048 0.451236 
0.763985 0.779256 0.615812 0.821532 0.506427 0.302242 0.207165 0.701132 0.926131 0.763741 
0.49134 0.909078 0.511217 0.263084 0.938437 0.43446 0.519843 0.855118 0.231762 0.677254 
0.574829 0.565006 0.398922 0.644285 0.954964 0.713439 0.428113 0.178242 0.671796 0.703018 
0.0201391 0.792171 0.236364 0.973147 0.162191 0.553843 0.58999 0.408991 0.400498 0.979012 
0.819303 0.966616 0.290633 0.0205235 0.154084 0.280297 0.697883 0.283 0.358119 0.0048221 
0.413347 0.851503 0.152933 0.179331 0.40266 0.649309 0.953606 0.0997512 0.973056 0.0236334 
0.882118 0.631977 0.0898789 0.660753 0.088103 0.491458 0.771541 0.00898594 0.66829 0.508694 
0.497748 0.899401 0.570964 0.641628 0.859323 0.682746 0.469319 0.00291138 0.541337 0.418817 
0.321626 0.274812 0.988224 0.245629 0.780918 0.964309 0.851444 0.611195 0.895764 0.191144 
0.117019 0.806384 0.56935 0.402599 0.768618 0.44731 0.970858 0.704394 0.406898 0.611348 
0.996935 0.0521117 0.0367822 0.943358 0.577239 0.591413 0.426277 0.360381 0.254869 0.34289 
0.26727 0.201576 0.58661 0.853689 0.690334 0.918283 0.0250219 0.0697066 0.904474 0.380661 
0.89484 0.753128 0.86215 0.897482 0.27431 0.429206 0.35858 0.455508 0.248008 0.357099 
0.223722 0.818628 0.925784 0.486113 0.655595 0.637011 0.572359 0.075627 0.452198 0.234734 
0.236534 0.371956 0.211338 0.515651 0.550071 0.0521353 0.950373 0.527416 0.3669 0.233363 
0.647386 0.265894 0.283356 0.0393877 0.62977 0.752822 0.778379 0.972022 0.568897 0.129444 
0.297654 0.180687 0.650123 0.304608 0.125898 0.98002 0.196514 0.738515 0.951813 0.151903 
0.597439 0.126131 0.729967 0.136891 0.680932 0.697282 0.640855 0.114877 0.286377 0.261837 
0.736491 0.335708 0.393705 0.816624 0.480336 0.662308 0.440918 0.54655 0.25828 0.540946 
0.190025 0.665377 0.875231 0.435518 0.0769159 0.00310347 0.480181 0.143139 0.75208 0.658593 
0.0150704 0.231244 0.147939 0.821446 0.910795 0.189125 0.447632 0.329247 0.0686921 0.0527505 
0.57687 0.880944 0.378252 0.139744 0.168901 0.247761 0.963339 0.521354 0.277966 0.316086 
0.81225 0.42234 0.485191 0.562908 0.398821 0.660727 0.709081 0.663499 0.103108 0.40063 
0.282629 0.853652 0.764509 0.877902 0.358186 0.835708 0.378591 0.645336 0.568621 0.212051 
0.480505 0.913406 0.42405 0.826768 0.26277 0.0501503 0.05718 0.559348 0.594811 0.189126 
0.529508 0.382482 0.168699 0.305397 0.853082 0.207226 0.458005 0.575874 0.47007 0.893062 
0.327459 0.634606 0.173158 0.269622 0.322304 0.494205 0.782384 0.969705 0.0283881 0.555111 
0.814497 0.730579 0.886684 0.264066 0.946928 0.485954 0.350226 0.956376 0.367237 0.518432 
0.540853 0.389864 0.0272552 0.184229 0.821865 0.847994 0.12556 0.277575 0.591421 0.732071 
0.0667172 0.783604 0.36038 0.447197 0.293381 0.846817 0.165545 0.0922101 0.0874584 0.713078 
0.0114491 0.475309 0.0849693 0.564333 0.139246 0.989465 0.443989 0.298685 0.321017 0.281161 
0.471405 0.540675 0.414569 0.679606 0.502991 0.137003 0.141919 0.18914 0.584925 0.062531 
0.492317 0.918699 0.724426 0.551649 0.835682 0.373052 0.528875 0.274093 0.892206 0.203992 
0.971798 0.544197 0.828842 0.803813 0.35538 0.301704 0.267095 0.0621918 0.101148 0.464924 
0.114507 0.206714 0.469678 0.169809 0.15492 0.133052 0.787199 0.49617 0.478345 0.150473 
0.112266 0.63218 0.638519 0.296978 0.304081 0.989592 0.67621 0.88269 0.668693 0.91152 
0.80752 0.372907 0.398529 0.627457 0.929557 0.896476 0.828531 0.672902 0.720364 0.395566 
0.987875 0.185115 0.976447 0.882499 0.300504 0.557215 0.812698 0.195184 0.465967 0.682965 
0.75631 0.129784 0.949669 0.210327 0.414963 0.555588 0.300822 0.415287 0.14437 0.258645 
0.0388649 0.573724 0.968595 0.552682 0.500978 0.723878 0.661116 0.249847 0.957462 0.102495 
0.350714 0.917693 0.17254 0.612625 0.438423 0.546833 0.0711213 0.816119 0.342611 0.56182 
0.158849 0.252006 0.704706 0.327335 0.366471 0.239719 0.438817 0.862642 0.419586 0.507135 
0.806167 0.527354 0.773333 0.374681 0.718305 0.75685 0.483886 0.0333839 0.614079 0.237863 
0.922299 0.911005 0.909978 0.48978 0.823749 0.831676 0.0703175 0.29653 0.674461 0.915482 
0.989021 0.83946 0.890135 0.962542 0.51603 0.256476 0.50277 0.569298 0.604718 0.0157956 
0.294665 0.731929 0.15026 0.830436 0.153072 0.369828 0.954517 0.801553 0.595717 0.101333 
0.875113 0.345985 0.0720963 0.0816834 0.320754 0.44021 0.0376047 0.405551 0.560937 0.208364 
0.764735 0.22415 0.162622 0.988784 0.221628 0.937829 0.685785 0.636859 0.441217 0.286826 
0.544588 0.227463 0.709881 0.887802 0.0446581 0.40769 0.737124 0.272074 0.717645 0.208085 
0.116974 0.338483 0.39738 0.339961 0.657035 0.367543 0.0330621 0.79823 0.429963 0.37565 
0.659929 0.542934 0.536268 0.575932 0.497538 0.519533 0.433594 0.658372 0.326526 0.885252 
0.0572847 0.420947 0.269799 0.809297 0.748026 0.615284 0.0563601 0.490271 0.192966 0.246399 
0.836923 0.97456 0.0754888 0.743714 0.477649 0.791483 0.839956 0.929757 0.838493 0.955593 
0.25041 0.403639 0.67007 0.992207 0.30382 0.95595 0.114739 0.892683 0.109094 0.917457 
0.0530079 0.737113 0.796968 0.646135 0.850859 0.820043 0.425675 0.859383 0.0925516 0.286484 
0.413169 0.821754 0.59373 0.192008 0.0887325 0.250998 0.685241 0.719595 0.203003 0.301116 
0.619544 0.219098 0.461534 0.761978 0.587478 0.844994 0.454245 0.157734 0.707905 0.428859 
0.687248 0.936134 0.239583 0.205179 0.830248 0.326482 0.711199 0.00987692 0.247862 0.943105 
0.171591 0.598164 0.702706 0.869373 0.0825225 0.155762 0.988659 0.531177 0.529104 0.0678357 
0.330317 0.323789 0.939313 0.383523 0.79992 0.31677 0.317698 0.74888 0.137533 0.311371 
0.415098 0.160766 0.422283 0.592332 0.595282 0.48779 0.467378 0.196744 0.782493 0.27804 
0.650307 0.906397 0.597515 0.260843 0.287313 0.693124 0.3683 0.290262 0.962606 0.268341 
0.142005 0.853681 0.810555 0.693581 0.948774 0.302489 0.310038 0.505654 0.765442 0.31655 
0.87678 0.258792 0.0422658 0.696487 0.144814 0.676413 0.532616 0.192902 0.435731 0.963981 
0.610137 0.737816 0.325494 0.0464182 0.871569 0.393107 0.387864 0.490126 0.65416 0.666452 
0.15912 0.348673 0.419044 0.971652 0.91918 0.801328 0.871455 0.729546 0.452248 0.680536 
0.773181 0.255319 0.679691 0.357749 0.81141 0.071052 0.938108 0.754828 0.44099 0.993432 
0.604348 0.848728 0.825715 0.493461 0.560231 0.0671135 0.236864 0.127045 0.281754 0.107777 
0.0479369 0.412643 0.605989 0.380085 0.454028 0.631293 0.000816274 0.0536682 0.512609 0.622275 
0.960467 0.564167 0.718175 0.935369 0.261875 0.108163 0.385814 0.18904 0.444085 0.84154 
0.673383 0.198907 0.214529 0.897331 0.805176 0.939162 0.640764 0.986875 0.65115 0.201072 
0.679099 0.227963 0.0297713 0.155302 0.0579997 0.989311 0.0139383 0.783119 0.794667 0.582722 
0.791737 0.163315 0.0412993 0.735905 0.116042 0.812585 0.835895 0.60334 0.340086 0.212931 
0.231637 0.740089 0.135271 0.753805 0.60379 0.179797 0.906479 0.398481 0.342378 0.352751 
0.0479647 0.354709 0.2593 0.652351 0.281058 0.409147 0.663325 0.88434 0.894996 0.51898 
0.838608 0.571969 0.270611 0.924452 0.422911 0.478608 0.275638 0.21166 0.662518 0.789077 
0.5028 0.586007 0.575217 0.00631127 0.819989 0.804519 0.579769 0.914815 0.643232 0.322846 
0.791915 0.75008 0.252309 0.740351 0.442292 0.428741 0.228947 0.0240072 0.425964 0.957966 
0.108909 0.701532 0.195781 0.0600865 0.84926 0.469639 0.213422 0.432772 0.799001 0.633686 
0.188023 0.325071 0.979543 0.702724 0.136361 0.367137 0.282995 0.47153 0.662401 0.237043 
0.483296 0.443969 0.689851 0.864167 0.499979 0.443847 0.478506 0.0138693 0.31399 0.454969 
0.491767 0.967784 0.796206 0.691878 0.68585 0.617076 0.574404 0.965078 0.710975 0.946455 
0.866239 0.304774 0.286536 0.526678 0.310144 0.316525 0.846972 0.147681 0.0133177 0.223362 
0.466984 0.638135 0.210061 0.816545 0.351862 0.124166 0.354627 0.746347 0.648502 0.521426 
0.935515 0.403125 0.854711 0.897339 0.740508 0.454509 0.142525 0.658028 0.779385 0.223881 
0.376251 0.96201 0.691549 0.560945 0.0652091 0.121759 0.938363 0.20842 0.782591 0.578088 
0.986947 0.0992598 0.00344356 0.757089 0.617838 0.537843 0.428051 0.265662 0.307709 0.170422 
0.184613 0.805446 0.632788 0.275622 0.819703 0.665519 0.421307 0.49052 0.650945 0.395157 
0.619525 0.928117 0.41139 0.164501 0.89281 0.732459 0.658177 0.424082 0.994438 0.388157 
0.0717098 0.974385 0.271474 0.170685 0.999972 0.796035 0.989023 0.510707 0.929532 0.139731 
0.805871 0.389026 0.694024 0.0622254 0.604658 0.847369 0.0318247 0.721872 0.135145 0.95412 
0.389775 0.624127 0.00640066 0.416591 0.0946069 0.260739 0.799681 0.565143 0.634888 0.968301 
0.608799 0.0840732 0.00482731 0.463382 0.478589 0.954796 0.0811963 0.97497 0.273883 0.736999 
0.0251553 0.749851 0.444863 0.0386275 0.266393 0.424648 0.296685 0.124008 0.762197 0.495867 
0.310749 0.459186 0.95256 0.343403 0.284736 0.00803135 0.121888 0.983449 0.352117 0.945976 
0.0178822 0.197617 0.0725951 0.893285 0.68693 0.588072 0.994533 0.661853 0.470608 0.386425 
0.758548 0.282592 0.844163 0.123579 0.656406 0.107177 0.248941 0.676643 0.94355 0.217309 
0.225291 0.240232 0.0524336 0.758297 0.42632 0.384958 0.191863 0.711071 0.943789 0.341668 
0.0133167 0.251108 0.565962 0.70002 0.702215 0.446214 0.941055 0.521596 0.99276 0.255885 
0.0132146 0.913718 0.506741 0.393554 0.301927 0.927471 0.562767 0.514784 0.865195 0.324027 
0.410934 0.756432 0.562534 0.970506 0.766598 0.213124 0.393613 0.914046 0.487407 0.14201 
0.679079 0.501504 0.118092 0.355283 0.316693 0.564021 0.911666 0.53508 0.953135 0.285963 
0.279602 0.0637377 0.024997 0.140696 0.515621 0.204992 0.76835 0.257324 0.0875468 0.34968 
0.0344795 0.738706 0.521329 0.212733 0.516178 0.702613 0.292199 0.246668 0.616897 0.552856 
0.607977 0.173078 0.461531 0.673792 0.224514 0.919353 0.0810721 0.156507 0.252693 0.734488 
0.543066 0.936198 0.800847 0.638008 0.766514 0.6622 0.236588 0.83705 0.30346 0.194422 
0.637852 0.659883 0.634449 0.681479 0.576353 0.480625 0.804161 0.562443 0.654118 0.793506 
0.552778 0.180037 0.767915 0.643844 0.663779 0.670999 0.965355 0.625591 0.727314 0.760563 
0.892105 0.491343 0.21667 0.599081 0.323698 0.286884 0.855993 0.465325 0.784985 0.590558 
0.681427 0.499572 0.398752 0.97501 0.990469 0.706246 0.056006 0.0478047 0.865781 0.0718535 
0.103122 0.895645 0.176591 0.869602 0.707284 0.622599 0.300495 0.283995 0.482542 0.740882 
0.374996 0.362955 0.0856565 0.368626 0.904001 0.714257 0.0676312 0.780909 0.565617 0.804215 
0.501084 0.564386 0.901975 0.45633 0.913235 0.877083 0.50649 0.665976 0.130232 0.48313 
0.180054 0.579902 0.535508 0.605089 0.317065 0.515952 0.0693975 0.16619 0.163216 0.277364 
0.887818 0.0165974 0.310053 0.641713 0.000426739 0.724379 0.995209 0.489307 0.319831 0.344399 
0.317159 0.91331 0.519511 0.913553 0.756662 0.244416 0.866958 0.824112 0.585425 0.974503 
0.607406 0.963178 0.799417 0.545362 0.131295 0.852662 0.521904 0.468979 0.536531 0.156656 
0.564001 0.134718 0.741157 0.883261 0.532871 0.358141 0.027227 0.335247 0.893959 0.134329 
0.968801 0.296532 0.746828 0.396157 0.633424 0.366708 0.341521 0.110842 0.197506 0.703461 
0.824836 0.714995 0.932906 0.0273139 0.406486 0.981188 0.609029 0.54355 0.492517 0.555476 
0.437088 0.502678 0.77976 0.630903 0.941083 0.395172 0.4651 0.0501692 0.686073 0.621232 
0.324559 0.872053 0.451015 0.185458 0.992675 0.50843 0.468728 0.815602 0.739367 0.82545 
0.0675446 0.0302969 0.575013 0.716499 0.381296 0.427806 0.163093 0.807107 0.514469 0.338212 
0.232164 0.227287 0.131382 0.771965 0.8367 0.28024 0.973687 0.49804 0.861499 0.742519 
0.967293 0.473122 0.0245659 0.257984 0.730375 0.633337 0.178924 0.296143 0.306395 0.861597 
0.619937 0.518324 0.513569 0.195397 0.239002 0.705208 0.011796 0.00676032 0.259688 0.702593 
0.0414831 0.620168 0.915397 0.403591 0.414921 0.186591 0.118401 0.511035 0.223948 0.920151 
0.844385 0.281817 0.0493761 0.761223 0.17763 0.864687 0.747947 0.940601 0.154121 0.135147 
0.61228 0.847534 0.97011 0.348928 0.489177 0.977459 0.237763 0.731899 0.546437 0.515976 
0.409044 0.927826 0.553646 0.142608 0.157108 0.599324 0.958529 0.991856 0.908505 0.454303 
0.341962 0.808326 0.916146 0.847632 0.961351 0.702234 0.926593 0.289587 0.44681 0.0243213 
0.988095 0.529296 0.980447 0.518148 0.913695 0.734471 0.26197 0.84049 0.0281339 0.54967 
0.546999 0.966909 0.0104581 0.64482 0.20845 0.646511 0.720282 0.511512 0.620683 0.36094 
0.296923 0.51678 0.172742 0.928116 0.890426 0.191672 0.669279 0.709481 0.547261 0.541972 
0.392227 0.34802 0.470813 0.431848 0.861968 0.169721 0.869397 0.0141841 0.17832 0.578733 
0.9948 0.0702378 0.178335 0.528739 0.456421 0.999487 0.0725662 0.262888 0.405914 0.826002 
0.555663 0.230297 0.0281587 0.853476 0.811242 0.830866 0.724227 0.0308913 0.0535364 0.821759 
0.568254 0.870919 0.16405 0.393856 0.831931 0.947947 0.25455 0.437419 0.84413 0.85419 
0.377856 0.401581 0.393627 0.830315 0.498054 0.0563399 0.527881 0.213996 0.400353 0.893538 
0.0947677 0.713045 0.57903 0.493314 0.803397 0.405764 0.127334 0.770845 0.711017 0.0726259 
0.343179 0.822761 0.311393 0.472828 0.770164 0.437431 0.796222 0.34915 0.305994 0.0746622 
0.490914 0.326365 0.936348 0.0193976 0.517463 0.888503 0.39748 0.372772 0.568948 0.892715 
0.254942 0.979446 0.593404 0.6619 0.437276 0.92636 0.919708 0.799603 0.0610355 0.834131 
0.807555 0.431989 0.433228 0.0879177 0.279623 0.535209 0.962627 0.236098 0.897095 0.529751 
0.139591 0.303902 0.101706 0.732591 0.705585 0.599672 0.310196 0.539412 0.668821 0.0775899 
0.463694 0.212237 0.543875 0.17118 0.0598038 0.382442 0.00327862 0.123108 0.558209 0.223938 
0.738697 0.204806 0.203904 0.436899 0.908794 0.0998195 0.809124 0.158872 0.169115 0.107979 
0.905136 0.404039 0.339343 0.728007 0.216768 0.479396 0.330216 0.570385 0.269015 0.741192 
0.941299 0.814811 0.23625 0.940899 0.280148 0.748054 0.416197 0.817061 0.884179 0.487338 
0.399325 0.987636 0.439518 0.659931 0.667679 0.0815086 0.631254 0.664693 0.360808 0.651996 
0.672766 0.671552 0.411371 0.271238 0.131687 0.029892 0.928693 0.843783 0.878297 0.30379 
0.0243251 0.319316 0.914259 0.860822 0.759555 0.04356 0.730856 0.126283 0.0886315 0.207446 
0.614036 0.376943 0.713006 0.785108 0.478992 0.649818 0.613191 0.329653 0.218823 0.12739 
0.114406 0.113545 0.0271294 0.636 0.43877 0.0340982 0.442433 0.920392 0.825517 0.980296 
0.50408 0.996443 0.773486 0.245826 0.226952 0.531757 0.734011 0.935872 0.585727 0.92362 
0.180053 0.870719 0.947165 0.7917 0.913081 0.579781 0.767029 0.614277 0.866891 0.838524 
0.704717 0.934313 0.787073 0.812662 0.723283 0.0953342 0.980423 0.71922 0.802691 0.244647 
0.731848 0.868381 0.0541997 0.291951 0.207804 0.961387 0.155654 0.0717839 0.0667105 0.399029 
0.793807 0.0354756 0.325113 0.608022 0.615569 0.36654 0.749567 0.594821 0.811434 0.603491 
0.651359 0.620431 0.68766 0.62093 0.481515 0.656673 0.653736 0.181055 0.382252 0.543169 
0.820356 0.0178044 0.744562 0.537024 0.798144 0.912083 0.115975 0.0966789 0.769953 0.681384 
0.369532 0.21436 0.0228757 0.767626 0.482433 0.0780446 0.717019 0.328861 0.894412 0.328535 
0.185649 0.530638 0.318404 0.634852 0.980591 0.723048 0.881927 0.369654 0.945074 0.673022 
0.212478 0.765451 0.0761048 0.475233 0.207479 0.261735 0.914292 0.745187 0.853443 0.778649 
0.439229 0.944044 0.916742 0.969159 0.790559 0.849958 0.604519 0.808369 0.391364 0.685844 
0.308469 0.395548 0.452135 0.322909 0.100807 0.478614 0.531775 0.152585 0.921577 0.244193 
0.156349 0.598385 0.797876 0.465829 0.0557185 0.216152 0.169897 0.0326471 0.957208 0.30471 
0.0724386 0.671688 0.582212 0.1647 0.671438 0.152042 0.744982 0.0876601 0.287571 0.559239 
0.385972 0.347782 0.0483554 0.198286 0.984723 0.27209 0.925327 0.337138 0.231993 0.0833634 
0.49408 0.835563 0.248204 0.170606 0.37556 0.193724 0.977989 0.916935 0.167545 0.237721 
0.454364 0.120927 0.113673 0.683243 0.874133 0.310868 0.308955 0.636503 0.339718 0.480941 
0.0321204 0.621595 0.235854 0.0724778 0.148245 0.861282 0.14416 0.271575 0.11932 0.230755 
0.827327 0.417195 0.243855 0.662263 0.449414 0.08132 0.956295 0.51693 0.973308 0.59069 
0.7249 0.120025 0.289613 0.240498 0.0901255 0.405178 0.0401609 0.388326 0.935306 0.0402226 
0.516665 0.673458 0.880623 0.569508 0.348769 0.131431 0.57639 0.891857 0.00783218 0.867098 
0.048004 0.191178 0.0609526 0.411716 0.579343 0.830844 0.721335 0.403808 0.183873 0.089774 
0.313702 0.895226 0.981214 0.112329 0.757025 0.0823446 0.783768 0.0279747 0.942634 0.0982976 
0.107368 0.353796 0.966719 0.936758 0.10077 0.558339 0.951584 0.956081 0.387726 0.181255 
0.74728 0.363087 0.910315 0.744675 0.292863 0.0334133 0.832275 0.268864 0.232659 0.114587 
0.129797 0.884733 0.240715 0.813679 0.325127 0.377263 0.491511 0.22736 0.347344 0.712298 
0.292769 0.754019 0.310484 0.214423 0.257077 0.682019 0.466686 0.52087 0.467443 0.737336 
0.769779 0.332484 0.516598 0.182639 0.895626 0.160339 0.280862 0.455114 0.537286 0.791381 
0.55256 0.849908 0.0851925 0.147083 0.74898 0.882254 0.138747 0.954968 0.223753 0.630813 
0.22148 0.612384 0.216799 0.278547 0.0497145 0.432891 0.504587 0.667655 0.860186 0.813712 
0.729273 0.0395033 0.0362299 0.551741 0.930892 0.894957 0.27701 0.921653 0.836534 0.544615 
0.546311 0.817805 0.174565 0.788753 0.935837 0.349449 0.137579 0.611234 0.108486 0.328211 
0.671221 0.314214 0.931736 0.783126 0.574337 0.8434 0.298469 0.815649 0.561735 0.33751 
0.345642 0.815199 0.134827 0.972398 0.393774 0.551274 0.859875 0.802947 0.78012 0.775674 
0.290508 0.970231 0.694994 0.0572808 0.732329 0.926699 0.769274 0.138729 0.349098 0.605579 
0.226529 0.868993 0.701406 0.230419 0.364206 0.912525 0.26748 0.668589 0.205737 0.356155 
0.694533 0.736778 0.710912 0.373353 0.170002 0.601212 0.136604 0.150851 0.624453 0.295292 
0.505165 0.455244 0.320343 0.529807 0.150779 0.726726 0.182395 0.255751 0.741569 0.351846 
0.951854 0.810733 0.116599 0.876112 0.115669 0.497026 0.0569931 0.782091 0.823166 0.656209 
0.708837 0.51134 0.519567 0.0415439 0.172933 0.575268 0.100363 0.800367 0.250654 0.247195 
0.665399 0.954902 0.310503 0.0625442 0.165577 0.40739 0.423549 0.127775 0.545227 0.736796 
0.413211 0.495904 0.0076682 0.390835 0.212297 0.907007 0.150597 0.074158 0.17889 0.340858 
0.108069 0.970415 0.358585 0.679064 0.757528 0.636013 0.855745 0.418422 0.621888 0.686618 
0.893222 0.592885 0.0565957 0.925348 0.00370733 0.8716 0.0356435 0.936887 0.282571 0.782083 
0.384615 0.787729 0.557649 0.654144 0.553663 0.416322 0.267437 0.299793 0.639399 0.226189 
0.357004 0.0593367 0.902131 0.0962149 0.756463 0.188099 0.994058 0.493045 0.0877832 0.304214 
0.652559 0.325575 0.568227 0.0398446 0.423352 0.568204 0.865919 0.403364 0.619583 0.698173 
0.304186 0.470251 0.67759 0.179026 0.154531 0.111073 0.655263 0.400336 0.564973 0.675433 
0.491086 0.245519 0.844824 0.00929783 0.147058 0.890391 0.120594 0.569421 0.93655 0.268083 
0.0739636 0.0501201 0.0990434 0.619906 0.956883 0.0281006 0.448222 0.967749 0.148473 0.526482 
0.0906153 0.025022 0.685481 0.208236 0.225175 0.803917 0.783336 0.119173 0.24135 0.0382783 
0.490573 0.932528 0.299907 0.847503 0.864679 0.00147217 0.732587 0.145033 0.874615 0.143941 
0.785698 0.356979 0.601341 0.64646 0.338332 0.362206 0.134701 0.254762 0.304545 0.816168 
0.129546 0.648679 0.324953 0.468734 0.186592 0.38185 0.449325 0.476455 0.714536 0.778898 
0.829571 0.232195 0.673391 0.314117 0.645841 0.871868 0.785392 0.713798 0.649744 0.00625233 
0.695593 0.369275 0.648543 0.268557 0.678345 0.208892 0.924398 0.643994 0.900078 0.615657 
0.673346 0.461541 0.484785 0.674762 0.892528 0.0270409 0.20461 0.918339 0.448482 0.0711032 
0.787765 0.682619 0.180871 0.425858 0.663157 0.136226 0.0551455 0.531825 0.533145 0.990463 
0.97625 0.486815 0.0401815 0.414837 0.102386 0.494272 0.553729 0.0232983 0.457559 0.56188 
0.734274 0.772561 0.544501 0.83638 0.909885 0.9777 0.95813 0.783306 0.369615 0.566781 
0.621826 0.201657 0.388775 0.0536077 0.290856 0.367419 0.443007 0.908271 0.0308574 0.457149 
0.0394823 0.75719 0.675499 0.432074 0.236689 0.670425 0.277405 0.85692 0.600068 0.523794 
0.723447 0.387609 0.6604 0.988609 0.83657 0.766649 0.397033 0.156826 0.273202 0.312058 
0.863373 0.302382 0.344639 0.677562 0.517887 0.235065 0.238154 0.986281 0.148149 0.821046 
0.464033 0.329451 0.889243 0.445718 0.994945 0.0229038 0.482812 0.542858 0.849628 0.903887 
0.0314321 0.322951 0.433091 0.437777 0.0315393 0.90436 0.724795 0.647809 0.691163 0.189822 
0.420161 0.0912331 0.805635 0.627941 0.975577 0.327232 0.684903 0.447173 0.578544 0.696968 
0.242729 0.141625 0.655914 0.879113 0.0414512 0.575991 0.115271 0.799115 0.163663 0.723573 
0.742559 0.34687 0.165334 0.803633 0.0520486 0.29231 0.904619 0.960058 0.452766 0.171098 
0.900469 0.206939 0.949846 0.751268 0.0305605 0.366966 0.541231 0.153745 0.980597 0.527789 
0.506481 0.509571 0.876463 0.425142 0.848644 0.947878 0.371833 0.911748 0.635698 0.306478 
0.443542 0.860984 0.448948 0.886109 0.0771953 0.844403 0.575112 0.899711 0.0427398 0.0100438 
0.885094 0.101672 0.822705 0.744026 0.980938 0.755304 0.645897 0.986445 0.703327 0.210174 
0.671849 0.449251 0.12701 0.256129 0.494428 0.963942 0.647362 0.908153 0.786738 0.295 
0.418097 0.519435 0.13037 0.567907 0.0417798 0.307201 0.214068 0.473268 0.00950337 0.152314 
0.424449 0.605281 0.690547 0.342671 0.923132 0.0317355 0.752943 0.858006 0.697522 0.466956 
0.113374 0.361036 0.697323 0.33977 0.555463 0.882536 0.315847 0.246881 0.798603 0.659091 
0.435953 0.96451 0.859272 0.634837 0.014958 0.790479 0.996041 0.26859 0.529809 0.774765 
0.431811 0.146033 0.631967 0.731401 0.580995 0.699782 0.666548 0.775808 0.420323 0.641613 
0.944738 0.243326 0.150757 0.979914 0.516804 0.266545 0.137053 0.414429 0.586741 0.693013 
0.0209876 0.443769 0.115983 0.110278 0.0604265 0.351149 0.941028 0.504466 0.190085 0.100481 
0.570862 0.284773 0.111066 0.91627 0.485049 0.779948 0.907843 0.119066 0.107465 0.358443 
0.302704 0.954829 0.439346 0.588441 0.121377 0.526727 0.264021 0.994214 0.63303 0.00457554 
0.284734 0.847537 0.762185 0.193043 0.119027 0.397697 0.898687 0.953797 0.855495 0.169794 
0.666019 0.524811 0.294522 0.760315 0.00874842 0.396443 0.118749 0.338874 0.94626 0.135116 
0.778886 0.882267 0.983373 0.132446 0.848322 0.0079138 0.6901 0.98493 0.522797 0.968235 
0.0967197 0.168753 0.91534 0.371748 0.541468 0.391938 0.464496 0.7769 0.499585 0.934831 
0.406884 0.607629 0.696087 0.512991 0.856544 0.231405 0.579706 0.853266 0.816797 0.921944 
0.858812 0.713545 0.777132 0.0987989 0.783444 0.327886 0.0226999 0.216672 0.140827 0.793541 
0.939145 0.329442 0.17742 0.673329 0.571635 0.37773 0.8571 0.180627 0.164626 0.591871 
0.0252676 0.17961 0.316855 0.308299 0.994051 0.0896545 0.0756634 0.511586 0.114191 0.154636 
0.567232 0.519987 0.958318 0.249978 0.924622 0.311645 0.303401 0.888256 0.291818 0.764666 
0.377987 0.0676425 0.220964 0.489703 0.667185 0.776264 0.4322 0.565207 0.125082 0.850659 
0.178934 0.282422 0.122001 0.153968 0.430299 0.139177 0.332737 0.98263 0.549028 0.407951 
0.579909 0.123992 0.374158 0.127136 0.196095 0.782418 0.68078 0.0199218 0.202532 0.840322 
0.421234 0.64903 0.851617 0.722786 0.438234 0.801934 0.797544 0.222229 0.663382 0.969981 
0.759612 0.813099 0.830735 0.114334 0.369755 0.0661025 0.179426 0.418439 0.246999 0.0236915 
0.720398 0.635779 0.62262 0.970405 0.70943 0.193681 0.31988 0.0620469 0.31973 0.254497 
0.646493 0.101157 0.324715 0.0858044 0.732808 0.167778 0.195984 0.451195 0.0420286 0.2523 
0.0831209 0.24311 0.616071 0.677278 0.333388 0.82236 0.399469 0.88177 0.290568 0.105149 
0.824261 0.589878 0.894156 0.571571 0.955729 0.0875234 0.474965 0.647248 0.137461 0.169715 
0.370921 0.925478 0.614391 0.174669 0.463212 0.490034 0.204626 0.562611 0.329355 0.624575 
0.252613 0.00693313 0.72407 0.722437 0.788298 0.731009 0.846568 0.75264 0.687721 0.972169 
0.640544 0.81594 0.449321 0.338643 0.434626 0.435522 0.0174382 0.357483 0.111732 0.716371 
0.407975 0.199444 0.667292 0.0198645 0.648303 0.573615 0.317095 0.80993 0.304221 0.864777 
0.855483 0.330578 0.862585 0.165989 0.724217 0.704608 0.914731 0.705388 0.415506 0.109906 
0.368273 0.474098 0.850863 0.643793 0.334473 0.598324 0.176497 0.140616 0.616544 0.0237373 
0.612611 0.308037 0.400035 0.0705706 0.272634 0.327212 0.399697 0.447877 0.263769 0.00340741 
0.381736 0.877859 0.983874 0.755237 0.0775154 0.577953 0.291655 0.931517 0.621479 0.0664163 
0.162096 0.258326 0.816021 0.00743856 0.161142 0.536936 0.553343 0.484701 0.733472 0.429973 
0.486721 0.342568 0.992717 0.0396305 0.451692 0.136173 0.670532 0.733488 0.330435 0.358493 
0.638969 0.217847 0.247178 0.00695234 0.183796 0.805427 0.380295 0.764977 0.616231 0.155275 
0.0150868 0.163471 0.346313 0.757786 0.430911 0.717364 0.850592 0.404955 0.681007 0.516582 
0.0495478 0.416024 0.192756 0.911401 0.582753 0.153871 0.0647859 0.390469 0.245634 0.581194 
0.439403 0.260973 0.257823 0.788256 0.445805 0.61209 0.795485 0.00837718 0.284244 0.31969 
0.807466 0.703025 0.775154 0.297742 0.605276 0.6195 0.519732 0.160156 0.424784 0.0745781 
0.350153 0.807469 0.240079 0.741992 0.940042 0.157584 0.797566 0.0830368 0.0615088 0.37682 
0.532269 0.363113 0.113988 0.364075 0.402633 0.728492 0.735085 0.105613 0.238016 0.534035 
0.664033 0.294359 0.634578 0.197996 0.206293 0.553823 0.920966 0.38819 0.199855 0.515045 
0.346663 0.67954 0.144195 0.487548 0.919154 0.554757 0.417274 0.0308104 0.882752 0.607603 
0.481968 0.0993619 0.185305 0.470799 0.944421 0.0146224 0.989355 0.154302 0.887927 0.457671 
0.553251 0.831016 0.566568 0.096263 0.989643 0.656956 0.527798 0.472393 0.532786 0.794464 
0.57355 0.627904 0.306979 0.601033 0.211081 0.198319 0.654574 0.527401 0.674671 0.786237 
0.387364 0.995547 0.632655 0.317005 0.761628 0.150396 0.279617 0.820716 0.858791 0.735045 
0.67507 0.850117 0.678976 0.695096 0.505155 0.218298 0.127933 0.0645825 0.212598 0.862874 
0.0887066 0.121229 0.0052799 0.0603915 0.97697 0.0284021 0.835037 0.0464528 0.133237 0.892562 
0.575326 0.963617 0.207527 0.226394 0.256113 0.644367 0.146955 0.874051 0.130522 0.481124 
0.786316 0.790141 0.369604 0.332074 0.680122 0.364611 0.698899 0.796617 0.949104 0.88704 
0.167665 0.375069 0.204477 0.759948 0.28342 0.0153589 0.597566 0.430937 0.927015 0.778299 
0.929721 0.907192 0.339108 0.100856 0.233811 0.803947 0.0752343 0.792842 0.875032 0.346114 
0.824598 0.865381 0.592611 0.252515 0.226526 0.46074 0.268481 0.598351 0.812228 0.506705 
0.680435 0.385816 0.49692 0.111097 0.27518 0.98502 0.671342 0.882438 0.833122 0.729345 
0.214337 0.971533 0.0482017 0.46619 0.323254 0.697871 0.720753 0.311377 0.546852 0.84172 
0.597986 0.816279 0.686185 0.223931 0.350644 0.97738 0.563707 0.210401 0.601952 0.849672 
0.423393 0.471807 0.0554624 0.158141 0.200113 0.560157 0.691793 0.73368 0.372497 0.298756 
0.248455 0.565698 0.729138 0.387913 0.809095 0.630795 0.793153 0.263233 0.777891 0.267634 
0.356476 0.686821 0.332215 0.759441 0.849313 0.359754 0.035074 0.61247 0.634306 0.667013 
0.788353 0.24115 0.746796 0.520737 0.304527 0.909132 0.148242 0.846322 0.316668 0.478076 
0.551692 0.22559 0.220717 0.0324974 0.16689 0.821716 0.673358 0.720732 0.349134 0.231702 
0.531389 0.271647 0.538286 0.388841 0.576039 0.186002 0.562569 0.806836 0.695968 0.633805 
0.173638 0.118284 0.67519 0.379943 0.47398 0.845689 0.781865 0.743126 0.201545 0.364574 
0.299632 0.25036 0.119446 0.848498 0.701622 0.106025 0.948353 0.981885 0.914056 0.107586 
0.652917 0.32701 0.467017 0.572294 0.401829 0.981466 0.891359 0.534745 0.63212 0.136204 
0.0311571 0.187155 0.0129587 0.493172 0.612214 0.209499 0.851187 0.161513 0.546965 0.639478 
0.877755 0.6505 0.73841 0.0110589 0.0614746 0.887425 0.570764 0.970776 0.797962 0.0630723 
0.604728 0.569767 0.957238 0.159676 0.846933 0.736578 0.978006 0.600382 0.566169 0.225458 
0.234897 0.0543329 0.262585 0.353344 0.241371 0.338974 0.794128 0.902481 0.0743982 0.211542 
0.657269 0.475384 0.0013284 0.62341 0.812822 0.49564 0.958538 0.00145358 0.247137 0.45709 
0.299473 0.935382 0.357168 0.482886 0.093319 0.984304 0.0158752 0.182419 0.454054 0.51121 
0.789839 0.643181 0.63546 0.965855 0.156918 0.267382 0.376953 0.235403 0.388277 0.898062 
0.999376 0.311347 0.92982 0.453348 0.571963 0.058824 0.0853317 0.685163 0.282183 0.295924 
0.999257 0.0124462 0.642219 0.209943 0.376583 0.0161043 0.87755 0.0515052 0.0397789 0.849863 
0.731478 0.751347 0.745697 0.266253 0.187945 0.369598 0.693423 0.924766 0.584307 0.761484 
0.910125 0.223434 0.393601 0.787648 0.41903 0.136899 0.728994 0.599616 0.265745 0.465047 
0.876394 0.0297066 0.460376 0.21425 0.984374 0.494191 0.480997 0.0880274 0.476949 0.117222 
0.622082 0.697265 0.68853 0.577746 0.192068 0.424115 0.795272 0.0596503 0.522631 0.712747 
0.818296 0.0920609 0.030186 0.557898 0.2344 0.722965 0.562644 0.656495 0.487335 0.335243 
0.594581 0.875126 0.0198525 0.714411 0.116317 0.182474 0.248078 0.0868578 0.592162 0.313379 
0.500286 0.382956 0.845001 0.97127 0.566902 0.740014 0.732344 0.798053 0.727908 0.167212 
0.711297 0.881979 0.324855 0.214216 0.108318 0.470202 0.188106 0.648337 0.106613 0.357162 
0.443892 0.342924 0.813192 0.367444 0.92981 0.982053 0.274214 0.480164 0.522663 0.44882 
0.766862 0.558898 0.418639 0.602557 0.797708 0.0568264 0.507158 0.942207 0.341476 0.87567 
0.886178 0.29408 0.305421 0.626507 0.930256 0.33286 0.594647 0.964802 0.627896 0.57992 
0.801365 0.0248269 0.325976 0.607062 0.900742 0.340154 0.615407 0.0988718 0.0899601 0.59579 
0.857815 0.229667 0.945149 0.01964 0.916928 0.382665 0.513337 0.396516 0.394225 0.575729 
0.388774 0.269704 0.249937 0.0885547 0.913682 0.555999 0.41754 0.307541 0.268694 0.493327 
0.828001 0.34334 0.38264 0.253633 0.0441265 0.722598 0.0790456 0.367968 0.133522 0.450987 
0.528191 0.855937 0.594495 0.896903 0.249555 0.186269 0.626272 0.598468 0.424631 0.82643 
0.815185 0.144516 0.290475 0.853276 0.588647 0.0949185 0.451941 0.300376 0.871289 0.651103 
0.098189 0.944192 0.719547 0.936087 0.281498 0.703583 0.928989 0.569131 0.315502 0.708989 
0.228652 0.433688 0.908427 0.956497 0.0623666 0.554542 0.302155 0.0145694 0.769669 0.40728 
0.135994 0.316915 0.861227 0.856263 0.275398 0.931259 0.997088 0.156272 0.733722 0.322935 
0.84739 0.776972 0.058378 0.0196544 0.633776 0.27341 0.801256 0.910729 0.752199 0.42618 
0.517082 0.63824 0.8492 0.365101 0.853335 0.91037 0.688342 0.773068 0.539822 0.659304 
0.663671 0.947309 0.168841 0.918452 0.264893 0.60224 0.761784 0.225389 0.42856 0.202097 
0.695791 0.231226 0.267618 0.140679 0.963308 0.267793 0.359336 0.717323 0.220412 0.894536 
0.747867 0.961144 0.374944 0.476103 0.654059 0.549282 0.335133 0.931074 0.150318 0.559626 
0.759222 0.724422 0.785826 0.330388 0.851708 0.40703 0.385577 0.905157 0.377695 0.00590381 
0.365725 0.705903 0.981759 0.621381 0.669175 0.492686 0.712026 0.673334 0.424619 0.17503 
0.314495 0.593843 0.310578 0.565618 0.541805 0.700563 0.777272 0.774244 0.318329 0.788034 
0.19495 0.242924 0.873802 0.183958 0.911768 0.337493 0.669416 0.326233 0.839364 0.419979 
0.159506 0.391955 0.417315 0.87956 0.0719355 0.0915701 0.884834 0.191624 0.958084 0.716695 
0.778115 0.0932383 0.467844 0.352177 0.859402 0.619992 0.387431 0.168163 0.569072 0.40882 
0.0257003 0.690579 0.850376 0.402768 0.993862 0.336981 0.914041 0.263216 0.920969 0.5926 
0.186511 0.761263 0.464137 0.68653 0.728869 0.819398 0.790881 0.794916 0.672648 0.174401 
0.959191 0.913472 0.880807 0.0572314 0.562517 0.211151 0.923023 0.499602 0.242048 0.112405 
0.63323 0.399301 0.0820497 0.613664 0.134646 0.461672 0.042415 0.258025 0.739567 0.802109 
0.638222 0.706496 0.351175 0.960085 0.91641 0.430125 0.496841 0.886172 0.941966 0.813549 
0.474042 0.0412683 0.508252 0.412797 0.808655 0.339631 0.917925 0.694614 0.411261 0.513293 
0.0148272 0.714482 0.823544 0.895965 0.912109 0.245008 0.100151 0.659937 0.810905 0.708756 
0.988315 0.224114 0.526019 0.374344 0.080892 0.0607277 0.0159172 0.0309 0.513042 0.225095 
0.754248 0.224 0.767544 0.987698 0.0903331 0.807619 0.402961 0.799164 0.433783 0.308967 
0.0106111 0.692343 0.549032 0.557116 0.230095 0.0698966 0.0216875 0.459225 0.354812 0.961273 
0.923955 0.278352 0.716999 0.766865 0.301199 0.374186 0.201169 0.512614 0.746132 0.969429 
0.893026 0.204696 0.139284 0.982339 0.454345 0.334201 0.197613 0.810111 0.682659 0.921481 
0.0802734 0.597411 0.396241 0.0554712 0.576445 0.381533 0.135027 0.585404 0.628194 0.763137 
0.791127 0.828634 0.18067 0.293752 0.125957 0.597949 0.170219 0.955272 0.755536 0.946142 
0.820652 0.597027 0.830409 0.159235 0.543813 0.878349 0.222008 0.836886 0.603724 0.583591 
0.0812346 0.118363 0.891716 0.431942 0.524738 0.0446582 0.288449 0.165961 0.0273564 0.235323 
0.699468 0.289489 0.356645 0.799231 0.668167 0.687354 0.459748 0.905078 0.445616 0.18245 
0.11478 0.818276 0.432659 0.818141 0.0581036 0.0757485 0.567016 0.0340147 0.373175 0.62035 
0.912322 0.606529 0.311438 0.563997 0.569073 0.535593 0.962031 0.552704 0.463952 0.747582 
0.00790175 0.40372 0.989014 0.0841265 0.516506 0.884329 0.159691 0.8658 0.418717 0.377104 
0.295436 0.363274 0.646144 0.00196592 0.188517 0.0565284 0.460743 0.43264 0.307269 0.850205 
0.990726 0.303931 0.57957 0.58883 0.981291 0.321588 0.920966 0.885812 0.131847 0.227105 
0.135542 0.82817 0.676914 0.280472 0.210534 0.836986 0.857204 0.474744 0.0291372 0.227814 
0.560372 0.227169 0.962301 0.171136 0.926378 0.596678 0.819223 0.233377 0.828475 0.756293 
0.899125 0.213872 0.962413 0.101015 0.739026 0.315825 0.617581 0.134286 0.182799 0.697876 
0.105989 0.306579 0.203895 0.733878 0.55574 0.197917 0.124137 0.240208 0.0538174 0.86368 
0.771875 0.532401 0.217291 0.326054 0.467225 0.878015 0.588993 0.331777 0.844722 0.0579671 
0.293808 0.293105 0.419125 0.642278 0.0220889 0.744574 0.204096 0.838564 0.695136 0.877255 
0.74641 0.762886 0.14482 0.338039 0.259424 0.943558 0.421461 0.487499 0.735268 0.306017 
0.324739 0.495221 0.864351 0.0239891 0.711446 0.804849 0.413488 0.312959 0.0630951 0.335027 
0.272796 0.0873726 0.668996 0.586975 0.0871259 0.20382 0.471682 0.69196 0.111184 0.436335 
0.310446 0.862107 0.265101 0.911336 0.609155 0.316111 0.775098 0.157077 0.700051 0.469231 
0.974681 0.823 0.578349 0.501904 0.143318 0.544943 0.100254 0.698737 0.0915792 0.561179 
0.563878 0.361187 0.774923 0.355366 0.368811 0.288564 0.917311 0.0598985 0.781457 0.856453 
0.0710038 0.382293 0.735299 0.172579 0.496996 0.210594 0.404744 0.449704 0.0609885 0.780191 
0.179998 0.916556 0.468215 0.96281 0.275687 0.219264 0.64786 0.52019 0.830468 0.663293 
0.574652 0.57051 0.278447 0.526021 0.800316 0.410892 0.909569 0.000346856 0.311667 0.394585 
0.170476 0.274114 0.783284 0.153325 0.00493335 0.835275 0.330075 0.594116 0.250591 0.52584 
0.208563 0.746963 0.356834 0.816284 0.381283 0.521104 0.864829 0.199159 0.277197 0.654007 
0.511691 0.39627 0.635956 0.2168 0.531907 0.318638 0.421641 0.737141 0.0575084 0.925817 
0.979269 0.12858 0.186758 0.518271 0.207741 0.275974 0.524297 0.967732 0.245325 0.800255 
0.611902 0.99538 0.876756 0.666256 0.250714 0.244619 0.235642 0.111509 0.260722 0.828783 
0.475212 0.52852 0.240655 0.130277 0.490417 0.56198 0.661412 0.579137 0.793834 0.760326 
0.46791 0.651885 0.817065 0.72419 0.555064 0.494059 0.310631 0.707052 0.431922 0.309128 
0.100077 0.961895 0.278304 0.120387 0.512777 0.241791 0.824475 0.733331 0.235618 0.992019 
0.326882 0.980937 0.808274 0.0885795 0.838669 0.567041 0.351937 0.103341 0.949796 0.818118 
0.812896 0.379896 0.447174 0.258702 0.520509 0.541184 0.749819 0.859615 0.478742 0.333829 
0.812492 0.560196 0.85451 0.821814 0.959905 0.834743 0.926731 0.0629182 0.155503 0.871956 
0.522484 0.0135301 0.33432 0.983074 0.61148 0.785603 0.5156 0.265588 0.211526 0.0459151 
0.69869 0.259155 0.454487 0.221202 0.734568 0.0514864 0.330071 0.550279 0.193843 0.104666 
0.172788 0.225889 0.355043 0.937641 0.690176 0.342046 0.782434 0.494515 0.994176 0.350539 
0.0262814 0.80929 0.23955 0.605496 0.467129 0.0733568 0.13298 0.0282252 0.180364 0.252782 
0.970927 0.907544 0.140728 0.629509 0.594098 0.401058 0.250154 0.32886 0.206094 0.697499 
0.556437 0.791374 0.46428 0.24409 0.0877125 0.367893 0.283731 0.342889 0.00491606 0.263461 
0.677029 0.435217 0.147234 0.423076 0.931284 0.683265 0.617418 0.778933 0.427353 0.828666 
0.310439 0.435056 0.476405 0.328668 0.480571 0.527211 0.103465 0.0585463 0.73227 0.750238 
0.0362646 0.272105 0.351992 0.432386 0.597722 0.795986 0.551378 0.592946 0.514356 0.24338 
0.771051 0.955 0.246034 0.770774 0.339398 0.237366 0.0184296 0.694675 0.942083 0.0733443 
0.759812 0.404928 0.14367 0.012152 0.126192 0.554815 0.454847 0.0193198 0.0297055 0.717861 
0.909984 0.110419 0.577361 0.955817 0.694445 0.21412 0.0788785 0.445346 0.187266 0.141183 
0.5835 0.899652 0.219533 0.734774 0.844337 0.231052 0.607254 0.616026 0.498975 0.957479 
0.413874 0.536956 0.225818 0.868742 0.112374 0.0777101 0.790399 0.315336 0.767546 0.905548 
0.0168503 0.522712 0.439169 0.357306 0.611391 0.680137 0.793837 0.561543 0.311923 0.955688 
0.0177698 0.459334 0.0486049 0.745034 0.409187 0.442428 0.380295 0.988675 0.965446 0.270323 
0.708866 0.394003 0.175844 0.96277 0.490033 0.329155 0.106807 0.171029 0.806184 0.238882 
0.340529 0.836025 0.052982 0.236895 0.929835 0.922804 0.884322 0.990422 0.690284 0.446449 
0.270356 0.545524 0.0759158 0.768624 0.218179 0.611087 0.81235 0.648765 0.338976 0.374856 
0.185294 0.366216 0.416206 0.154363 0.907573 0.38923 0.206856 0.540439 0.28458 0.571493 
0.711884 0.774047 0.722482 0.557041 0.497141 0.464455 0.433069 0.472518 0.724133 0.715672 
0.759472 0.0555984 0.674253 0.050012 0.262808 0.341187 0.233589 0.215874 0.999082 0.0848052 
0.707229 0.981062 0.254927 0.628581 0.815968 0.705758 0.382306 0.730768 0.48941 0.101919 
0.413725 0.985798 0.619389 0.817813 0.827251 0.420202 0.181801 0.621092 0.43068 0.846739 
0.0289324 0.264057 0.622386 0.219082 0.939473 0.513849 0.19024 0.306046 0.457538 0.717869 
0.133389 0.118796 0.209032 0.655018 0.4051 0.14455 0.463727 0.0471472 0.372283 0.855967 
0.94188 0.861613 0.422436 0.848627 0.692162 0.206574 0.529764 0.740307 0.5464 0.275813 
0.37909 0.646913 0.126494 0.749954 0.447181 0.13844 0.905976 0.364332 0.144689 0.401879 
0.767551 0.222682 0.624483 0.0412373 0.239508 0.679671 0.655365 0.627634 0.406524 0.158201 
0.838289 0.533371 0.0319611 0.142 0.19018 0.390864 0.696702 0.144718 0.770646 0.877055 
0.242314 0.0893068 0.219639 0.0897785 0.0714801 0.383315 0.985627 0.165018 0.150787 0.00728577 
0.272851 0.114599 0.259519 0.979542 0.451718 0.247709 0.880721 0.139292 0.866446 0.0946601 
0.177323 0.399438 0.404583 0.745889 0.121191 0.804963 0.578805 0.239709 0.819063 0.970724 
0.543114 0.488429 0.948364 0.760539 0.292324 0.878422 0.651599 0.12242 0.737099 0.831526 
0.58477 0.95093 0.454119 0.103246 0.894653 0.36041 0.945375 0.233008 0.272058 0.856554 
0.692811 0.475769 0.515435 0.309637 0.638241 0.54426 0.0504953 0.602645 0.0649855 0.971985 
0.336106 0.483836 0.386162 0.203004 0.969729 0.8002 0.594275 0.530996 0.46611 0.761233 
0.737487 0.42385 0.00275488 0.214942 0.438511 0.545473 0.906792 0.136044 0.058732 0.788052 
0.893878 0.957011 0.802014 0.440178 0.724279 0.787199 0.683106 0.672216 0.846392 0.696555 
0.478937 0.11037 0.197611 0.372431 0.749097 0.842781 0.936858 0.637351 0.0292888 0.182899 
0.0373634 0.433806 0.498929 0.071945 0.0750157 0.531596 0.290809 0.249899 0.0787649 0.744039 
0.832062 0.613809 0.612286 0.443969 0.697156 0.792563 0.304692 0.428895 0.114736 0.836559 
0.861088 0.801337 0.328869 0.946942 0.268261 0.71943 0.203843 0.834331 0.759595 0.535209 
0.173424 0.491962 0.625984 0.0777153 0.293123 0.337698 0.225184 0.627423 0.450264 0.361941 
0.466653 0.189097 0.370159 0.357612 0.763884 0.81701 0.145303 0.388842 0.325736 0.274313 
0.718535 0.295888 0.947662 0.145863 0.237709 0.943717 0.761597 0.272925 0.473555 0.271665 
0.0924243 0.705411 0.488429 0.0556294 0.0989961 0.290579 0.768897 0.685657 0.0657568 0.0251237 
0.775263 0.950905 0.660015 0.767872 0.219607 0.492034 0.844579 0.687011 0.238815 0.101242 
0.539839 0.231606 0.0308385 0.134709 0.153201 0.735259 0.297279 0.245433 0.319124 0.338922 
0.41087 0.81581 0.165012 0.207585 0.842946 0.684845 0.142773 0.212613 0.486225 0.239283 
0.382978 0.675329 0.160071 0.644537 0.829059 0.948455 0.36416 0.946228 0.625492 0.867916 
0.676023 0.538034 0.298484 0.895927 0.719037 0.162417 0.452981 0.225733 0.894027 0.00713544 
0.600756 0.975046 0.139277 0.818074 0.0741096 0.125587 0.476983 0.159594 0.208748 0.665033 
0.387401 0.076287 0.607018 0.414394 0.678784 0.493026 0.436003 0.543525 0.901866 0.853261 
0.788342 0.703798 0.146073 0.6364 0.213252 0.53495 0.624296 0.000678485 0.450926 0.0882777 
0.316676 0.989157 0.181015 0.310399 0.0420572 0.174933 0.803659 0.304925 0.903954 0.0150685 
0.210257 0.932868 0.613734 0.188297 0.139236 0.423094 0.86214 0.363727 0.892399 0.98988 
0.748058 0.999348 0.436591 0.791995 0.797332 0.430601 0.546144 0.126881 0.957696 0.148855 
0.992925 0.476172 0.487135 0.643495 0.777871 0.479841 0.978451 0.962992 0.0288082 0.0987668 
0.125197 0.604388 0.756174 0.386196 0.629741 0.537248 0.832203 0.69278 0.350137 0.938397 
0.710106 0.270824 0.142505 0.275675 0.114577 0.9016 0.350085 0.147416 0.784762 0.130298 
0.444957 0.690142 0.754866 0.456379 0.279477 0.232517 0.848861 0.249578 0.895431 0.310316 
0.82963 0.326396 0.701762 0.156572 0.993124 0.386099 0.745261 0.616112 0.461203 0.0844881 
0.310797 0.822864 0.349984 0.404605 0.976873 0.983013 0.825954 0.619819 0.68923 0.741958 
0.845628 0.0584846 0.750377 0.827267 0.916791 0.776572 0.777769 0.958453 0.104032 0.914076 
0.89194 0.129781 0.123578 0.675651 0.22869 0.57866 0.997257 0.868519 0.156995 0.360539 
0.398587 0.454785 0.548963 0.300275 0.364717 0.7222 0.954625 0.69069 0.51113 0.717579 
0.462271 0.638989 0.936638 0.472744 0.0918463 0.113306 0.404867 0.064371 0.741546 0.671106 
0.354698 0.783115 0.935295 0.756879 0.165313 0.237388 0.17211 0.542012 0.150528 0.988362 
0.693903 0.297502 0.588861 0.609487 0.434387 0.543273 0.489539 0.390655 0.0403107 0.228272 
0.517873 0.937859 0.217779 0.78356 0.51426 0.0203812 0.463887 0.661437 0.998173 0.876175 
0.30288 0.181791 0.932849 0.315459 0.273236 0.0964508 0.288957 0.948556 0.696803 0.43052 
0.80823 0.358565 0.988766 0.888289 0.31006 0.140528 0.481466 0.07364 0.497731 0.729576 
0.44697 0.870748 0.510522 0.174902 0.72185 0.679447 0.439491 0.00448971 0.598811 0.281012 
0.522196 0.235516 0.396839 0.00864468 0.687263 0.604456 0.715963 0.834931 0.955412 0.00103962 
0.425779 0.903417 0.850285 0.398334 0.832739 0.352486 0.866149 0.55987 0.587553 0.490415 
0.724505 0.409322 0.0387232 0.523168 0.285745 0.281166 0.77274 0.352481 0.0824189 0.785462 
0.74887 0.0493774 0.446772 0.00591775 0.258726 0.970156 0.867143 0.27025 0.366841 0.199096 
0.576574 0.663547 0.749221 0.853057 0.466455 0.316802 0.639777 0.741957 0.0811256 0.0749052 
0.990081 0.392311 0.370533 0.370925 0.32969 0.592575 0.509409 0.163958 0.825022 0.339498 
0.357857 0.211378 0.533439 0.0619987 0.531199 0.172172 0.751776 0.820182 0.825139 0.56083 
0.0403121 0.933942 0.0947143 0.0932591 0.668364 0.647004 0.552035 0.168565 0.983026 0.876128 
0.67891 0.664282 0.631288 0.271878 0.0849434 0.973092 0.0397564 0.342583 0.271581 0.140724 
0.51907 0.560684 0.693792 0.34001 0.14393 0.0127368 0.260159 0.355422 0.732752 0.437423 
0.791988 0.305773 0.354628 0.155818 0.685032 0.852646 0.132771 0.28953 0.740257 0.370715 
0.354537 0.802405 0.327097 0.740529 0.373212 0.936101 0.474981 0.82526 0.313962 0.478714 
0.011223 0.285208 0.916186 0.381596 0.398229 0.264428 0.509175 0.830331 0.747818 0.69595 
0.687661 0.775685 0.869758 0.465363 0.447717 0.69342 0.748966 0.723923 0.873892 0.32873 
0.127654 0.846389 0.269208 0.765764 0.796256 0.459369 0.936277 0.302349 0.860083 0.508166 
0.241287 0.87716 0.319634 0.175308 0.829748 0.554151 0.441901 0.684423 0.149087 0.105379 
0.286805 0.356575 0.109827 0.369932 0.543881 0.559889 0.977096 0.501088 0.826581 0.208061 
0.485517 0.301416 0.083665 0.317332 0.0873252 0.16161 0.784456 0.316736 0.868623 0.744436 
0.57589 0.439123 0.488787 0.403274 0.934939 0.0426422 0.497542 0.888128 0.797756 0.326097 
0.0553739 0.669031 0.697106 0.612652 0.256051 0.153573 0.616824 0.823431 0.678621 0.00408008 
0.899867 0.00336463 0.111186 0.142877 0.84513 0.761162 0.155718 0.103062 0.1198 0.22925 
0.647839 0.528758 0.412494 0.732982 0.861577 0.834657 0.601273 0.468393 0.80029 0.0316487 
0.419977 0.273184 0.393191 0.754634 0.715145 0.793303 0.88406 0.664715 0.550916 0.330583 
0.833113 0.423694 0.144281 0.964604 0.239679 0.206941 0.0899425 0.76265 0.287545 0.613381 
0.290712 0.434065 0.264154 0.182118 0.598642 0.582342 0.518588 0.848857 0.946648 0.396971 
0.645642 0.12718 0.00767924 0.574736 0.265998 0.491857 0.867254 0.696071 0.642987 0.923109 
0.0798898 0.976257 0.216494 0.654718 0.339792 0.106513 0.979796 0.257986 0.137782 0.238698 
0.667446 0.0434038 0.893113 0.0213121 0.49254 0.263622 0.380949 0.799489 0.484288 0.867891 
0.112391 0.416395 0.47596 0.640215 0.00723418 0.678571 0.542378 0.749351 0.234393 0.0527394 
0.354594 0.593805 0.230122 0.548984 0.381709 0.151326 0.415155 0.47706 0.785024 0.50636 
0.804619 0.495073 0.40252 0.431118 0.797919 0.875488 0.819619 0.0687948 0.55988 0.0491094 
0.510244 0.249259 0.557934 0.904342 0.639664 0.915577 0.910034 0.0350182 0.310192 0.987593 
0.0154519 0.928542 0.632077 0.313219 0.463746 0.435515 0.587461 0.417919 0.421933 0.7914 
0.933743 0.912438 0.071669 0.621434 0.792276 0.662488 0.650117 0.680515 0.824847 0.0295884 
0.760354 0.556981 0.812019 0.75983 0.508274 0.627954 0.451112 0.678334 0.587837 0.577472 
0.206128 0.586284 0.0529703 0.0262155 0.139205 0.104615 0.847092 0.0834727 0.607261 0.358563 
0.389073 0.536001 0.389284 0.848508 0.993209 0.858256 0.848782 0.391525 0.111087 0.194835 
0.361455 0.904872 0.272763 0.671179 0.457776 0.85194 0.262711 0.758592 0.0252886 0.960965 
0.10965 0.207004 0.169023 0.250245 0.756597 0.210278 0.480583 0.852295 0.962055 0.244475 
0.24288 0.219741 0.798704 0.663526 0.152403 0.769845 0.881601 0.586546 0.532198 0.151779 
0.819389 0.0579234 0.671735 0.994027 0.342341 0.64537 0.693546 0.313652 0.00140969 0.603457 
0.560815 0.814764 0.876043 0.0130466 0.433767 0.099418 0.0423494 0.051519 0.0918606 0.891827 
0.128585 0.52422 0.555778 0.148239 0.827474 0.680841 0.296087 0.167944 0.324644 0.269151 
0.164143 0.384615 0.383223 0.691177 0.721523 0.237691 0.409043 0.602068 0.684569 0.572456 
0.928434 0.99026 0.734626 0.558393 0.429204 0.389253 0.90735 0.57818 0.430868 0.495852 
0.187429 0.787409 0.110869 0.666797 0.289436 0.287898 0.673785 0.0127017 0.877226 0.42463 
0.746385 0.645339 0.0345241 0.00333287 0.21068 0.0460342 0.763326 0.00668172 0.038694 0.545388 
0.769952 0.31476 0.927286 0.781778 0.634529 0.269803 0.180541 0.606677 0.662546 0.326429 
0.140122 0.541575 0.937551 0.0437718 0.365744 0.859727 0.676188 0.460774 0.565994 0.00556109 
0.498992 0.851649 0.590467 0.693142 0.176898 0.569087 0.688937 0.666989 0.000839729 0.0481505 
0.156559 0.315261 0.589662 0.239069 0.115472 0.858593 0.556055 0.0749349 0.564738 0.659854 
0.976826 0.0993928 0.990018 0.693479 0.0162409 0.0179992 0.833128 0.301113 0.230401 0.672397 
0.694331 0.7115 0.348075 0.983606 0.455032 0.472588 0.254472 0.714623 0.439091 0.737234 
0.843262 0.175429 0.50948 0.0525271 0.487569 0.0210038 0.154631 0.688146 0.955933 0.980561 
0.177137 0.329556 0.170923 0.904629 0.212713 0.0139295 0.0365439 0.368197 0.925804 0.100597 
0.172497 0.00230836 0.150714 0.313857 0.616396 0.486678 0.265391 0.555376 0.27012 0.882048 
0.36807 0.622134 0.936221 0.222942 0.97113 0.971747 0.140006 0.9761 0.293547 0.22696 
0.292771 0.389259 0.0577414 0.17213 0.592699 0.000962333 0.534751 0.974309 0.181274 0.0187597 
0.419307 0.192094 0.503954 0.694985 0.094686 0.686115 0.146428 0.121611 0.0766835 0.463809 
0.539779 0.673178 0.912828 0.93656 0.807083 0.643979 0.893764 0.436618 0.427168 0.204515 
0.912225 0.833012 0.41603 0.106205 0.30148 0.730282 0.0969091 0.127629 0.0728203 0.179089 
0.959392 0.646974 0.310056 0.729883 0.70936 0.347023 0.290263 0.225528 0.908131 0.308605 
0.271107 0.318378 0.122568 0.998183 0.135697 0.302407 0.516951 0.153299 0.595518 0.770268 
0.197756 0.361433 0.559629 0.994685 0.74908 0.174898 0.520313 0.512844 0.278085 0.615153 
0.0391564 0.696246 0.830038 0.119357 0.978671 0.796767 0.35643 0.401085 0.973666 0.0357558 
0.832444 0.52427 0.911207 0.830317 0.493078 0.93823 0.334006 0.784828 0.993989 0.759561 
0.775253 0.818103 0.548092 0.633373 0.0147167 0.75623 0.268566 0.581207 0.825182 0.429844 
0.118698 0.518429 0.166956 0.637313 0.701996 0.886711 0.822326 0.240574 0.429524 0.317338 
0.656482 0.637751 0.996384 0.763204 0.714321 0.847861 0.390321 0.832199 0.010442 0.335652 
0.66367 0.425753 0.630275 0.678577 0.484163 0.466265 0.332753 0.577288 0.185858 0.351228 
0.749387 0.500204 0.639211 0.94214 0.408659 0.429812 0.919114 0.448024 0.205623 0.625192 
0.0737482 0.558733 0.332841 0.284445 0.44266 0.12473 0.0109457 0.445607 0.175917 0.888831 
0.854063 0.792742 0.102062 0.843808 0.314541 0.806845 0.0997609 0.930378 0.778795 0.423258 
0.845068 0.551727 0.137619 0.0965426 0.712931 0.942207 0.453695 0.18207 0.0682909 0.841107 
0.746378 0.970556 0.65054 0.643201 0.159178 0.536312 0.16636 0.420655 0.180939 0.349585 
